55540.6 98818.9
89571.8 46974.1
89581 55967.9
2407.91 94201.5
55009.6 46281.3
62898.6 20249
47856.1 31904
69710.4 39646.6
66426.6 40107.4
99939 67070.5
35117.6 26191
48210.1 8493.3
81514.9 18604.1
45716.7 92346
32450.3 24436.2
49702.4 43821.5
44642.5 23361.9
44117.6 55534.5
35502.2 28214.4
42036.2 57515.2
29786.1 40266.1
30427 39799.2
87685.8 77358.3
47965.9 30658.9
29975.3 3018.28
36439.1 83629.9
25882.7 34693.4
56459.2 76442.8
59245.6 59163.2
8011.11 74996.2
38648.6 33344.5
46546.8 65520.2
67098 98574.8
35166.5 7977.54
36912.1 86458.9
23624.4 13934.8
65437.8 44489.9
94650.1 1919.61
37183.8 59492.8
68312.6 33488
68053.2 7037.57
5014.19 83056.1
57255.8 4986.72
97750.8 44636.4
42542.8 99234
94210.6 28653.8
24396.5 59810.2
39448.2 51878.4
74782.6 15488.1
79641.1 73674.7
96081.4 4937.89
17612.2 81655.3
45872.4 72655.4
60762.4 79885.3
93154.7 87719.4
51963.9 82729.6
21597.9 13519.7
24146.2 67516.1
45567.2 6625.57
69075.6 89083.5
54377.9 72823.3
61067.5 9393.6
50566.1 58546.7
26187.9 45304.7
97708.1 5774.1
97579.9 87600.3
43400.4 48527.5
47557 94485.3
33130.9 79082.6
37089.1 12579.7
80520 62050.2
73268.8 28598.9
9683.52 24439.2
15436.3 4806.67
35276.3 99792.5
20560.3 1403.85
95846.4 54570.1
68477.4 38926.4
6140.32 74889.4
57670.8 3830.07
43998.5 41724.9
12152.5 50370.8
37394.3 72719.5
90145.6 1861.63
67369.6 58714.6
35081 4522.84
52333.1 73143.7
59682 36942.7
29496.1 82400
3616.44 28360.9
98968.5 35285.5
55452.1 88857.7
46174.5 59730.8
79448.8 4571.67
8236.95 44801.2
37919.2 1110.87
99911.5 36252.9
49659.7 28217.4
64711.4 23627.4
75185.4 68855.9
66875.2 47123.6
69316.7 25861.4
89773.2 2267.53
91805.8 89236.1
56355.5 70625.9
16550.2 37217.3
37348.6 54545.7
30118.7 74309.5
62712.5 44187.7
60121.5 59291.4
2093.57 94869.8
24088.3 26432.1
29825.7 42893.8
39512.3 53001.5
40113.5 38001.6
85610.5 76146.7
28061.8 20505.4
57493.8 12353.9
2136.3 21329.4
3344.83 82564.8
43705.6 12973.4
85210.7 96057
79250.5 89623.7
54066.6 96270.6
80932 4449.6
79760.1 21655.9
61079.7 42301.7
26459.5 84701.1
76250.5 55818.4
14255.2 22211.4
6500.44 43202
57478.6 20053.7
25461.6 95687.7
20435.2 65398.1
26856.3 92846.5
81148.7 29651.8
23108.6 73921.9
43708.6 35166.5
81630.9 63197.7
89910.6 8856.47
14429.2 77657.4
10745.6 75881.2
86675.6 94940
8435.32 96447.6
59810.2 9811.7
9564.5 98956.3
34897.9 57228.3
79982.9 12512.6
11740.5 30106.5
82097.8 52006.6
29480.9 69969.8
65178.4 58845.8
4263.44 58568.1
29273.4 50474.6
29575.5 88580
53395.2 81829.3
54933.3 41560.1
28595.8 71785.6
8496.35 51243.6
86547.4 97830.1
79262.7 80297.3
64226.2 11969.4
24442.3 88699
95422.2 81090.7
17679.4 21839
69548.6 4821.92
3689.69 96478.2
48527.5 14108.7
74984 12643.8
82262.6 3530.99
36289.6 69695.1
13397.6 555.437
72289.2 14548.2
11948 24826.8
84289.1 299.081
30439.2 40629.3
11487.2 83303.3
20163.6 55613.9
2410.96 36848
99240.1 68968.8
52195.8 9582.81
12991.7 22110.7
71282.1 6762.9
77410.2 55046.2
1211.58 22501.3
46156.2 21509.4
43110.4 1098.67
91918.7 66042.1
14468.8 55629.1
42567.2 16086.3
99914.5 21820.7
62895.6 92254.4
11487.2 75502.8
22418.9 89874
24198.1 91555.5
39985.4 34968.1
2319.41 72658.5
45756.4 67769.4
82183.3 25855.3
51167.3 56868.2
27018 15115.8
67564.9 97204.5
19492.2 67980
64070.6 94915.6
7577.75 64433.7
5334.64 92269.7
69356.4 86147.6
59819.3 35734.1
12393.6 54185.6
19159.5 40354.6
73320.7 33304.8
19354.8 53523.4
33213.3 31006.8
4284.8 71306.5
14447.5 69402.1
22263.3 10422.1
74593.3 58092
96215.7 89037.8
63017.7 46134.8
58107.2 19418.9
55833.6 81222
88271.7 65697.2
34736.2 54234.4
50239.6 69731.7
25461.6 57264.9
61684 98303.2
61427.7 33222.4
92153.7 14697.7
88168 45204
28159.4 27866.5
74251.5 43678.1
96295.1 22180.9
44248.8 59657.6
84966.6 21057.8
99398.8 1995.91
55397.2 87438.6
41584.5 86880.1
82509.8 14331.5
66289.3 77672.7
16306 8523.82
40073.9 63280.1
4403.82 20566.4
28287.6 53047.3
66310.6 24182.9
88589.1 16446.4
60075.7 98217.7
95898.3 45582.4
31971.2 14236.9
14435.3 68666.6
89797.7 82943.2
82464.1 92626.7
90441.6 62468.3
25309 2911.47
82311.5 81749.9
62382.9 98675.5
93301.2 82021.5
23728.1 91396.8
4873.81 29639.6
41798.2 45146
2893.15 3289.9
34012.9 86556.6
45857.1 8749.66
41810.4 62639.2
41135.9 24308
41718.8 74590.3
69817.2 29981.4
94174 65694.1
50856 23636.6
45600.8 91457.9
85064.2 77153.8
49504.1 50074.8
69628 35755.5
22061.8 1403.85
23752.6 13629.6
97979.7 52516.3
16080.2 88961.5
2102.73 37977.2
34461.5 51481.7
2539.14 72997.2
88753.9 5743.58
60789.8 7535.02
87258.5 83108
44608.9 59517.2
77394.9 65694.1
19187 55272.1
91283.9 75374.6
82265.7 55336.2
86813 30881.7
58824.4 93722.3
24839 26273.4
20972.3 8767.97
73186.4 33750.4
48646.5 93783.4
77959.5 84057.1
96771.1 45432.9
92916.7 27509.4
84466.1 38230.5
7470.93 28858.3
71981 3015.23
63927.1 99020.4
40913.1 37739.2
4605.24 16861.5
43409.5 28547
39506.2 44184.7
35898.9 9381.39
75054.2 86932
63054.3 38157.3
94644 5853.45
7550.28 17664.1
31547 29734.2
71297.3 39347.5
24839 74202.7
3689.69 78026.7
98944.1 19412.8
42619.1 15753.7
57448 49607.8
83758 22867.5
31794.2 7702.87
43800.2 74419.4
75493.6 68071.5
33289.6 30054.6
44438 80584.1
4614.4 55540.6
54011.7 89086.6
90859.7 13947
53556.9 77413.3
1046.78 4757.84
8862.58 46037.2
87530.1 78902.6
33277.4 72566.9
50984.2 7907.35
58079.8 59089.9
98815.9 35294.7
82738.7 19595.9
22425 88287
95672.5 10571.6
9121.98 78032.8
6155.58 57844.8
54179.5 66417.4
77974.8 82882.2
88723.4 27579.6
5435.35 81603.4
89077.4 82323.7
22455.5 58867.2
83175.1 33457.4
85210.7 71746
19660 80285
19071 84713.3
15308.1 40272.2
70445.9 89874
46400.3 56111.3
54075.7 95345.9
99661.2 16226.7
36512.3 34949.8
48393.2 66902.7
46339.3 2304.15
69432.7 44129.8
51759.4 62453.1
66557.8 3308.21
96206.5 44154.2
15945.9 74926
32590.7 65996.3
99353 24314.1
46797.1 99359.1
40589.6 43693.4
11056.9 21485
10962.2 54484.7
57850.9 61671.8
19275.5 48176.5
14917.4 93762
52021.9 43739.1
92046.9 78048
79403.1 89794.6
60225.2 5722.22
92794.6 89623.7
13827.9 48997.5
89285 77150.8
56407.4 69988.1
68892.5 22052.7
750.755 91522
60130.6 92059.1
23838 83016.4
39478.7 50614.9
67281.1 64464.2
60478.5 18048.6
23920.4 81762.1
57963.8 74300.4
1150.55 56416.5
43162.3 31394.4
1663.26 62810.1
55211 53779.7
12167.7 36115.6
84756 54615.9
40760.5 64021.7
35242.8 46183.7
93554.5 65334
37528.6 72505.9
31171.6 8661.15
83437.6 2340.77
95770.1 74245.4
93896.3 10632.6
49186.7 12057.9
87243.3 26572.5
12839.1 99356.1
63380.8 76378.7
50019.8 50727.9
69365.5 98938
81188.4 83855.7
62056.3 62425.6
72887.4 94021.4
33481.9 60005.5
90957.4 40540.8
14508.5 12790.3
58571.1 98260.4
22452.5 58122.5
9842.22 77181.3
68282.1 51347.4
79509.9 63393
88998.1 59178.4
19422 84426.4
20835 72814.1
82375.6 52119.5
78927 18866.5
63976 86184.3
59001.4 96301.2
43141 71529.3
26822.7 17453.5
11825.9 52519.3
10919.5 81304.4
34675.1 17261.3
64262.8 57051.3
29151.3 75051.1
10516.7 6222.72
6811.73 80123.3
40504.2 21359.9
66332 4815.82
74446.9 9399.7
78923.9 15247
55699.3 97970.5
56755.3 52693.3
91531.1 92599.3
45002.6 73726.6
6592 63084.8
28162.5 52275.2
24735.3 87044.9
91250.3 96743.7
44731 28830.8
26480.9 85259.6
25611.1 81939.1
26136.1 72234.3
47157.2 52986.2
52128.7 69341.1
61244.5 15457.6
22989.6 54008.6
99615.5 11264.4
8856.47 8609.27
53715.6 28293.7
75081.6 43403.4
92257.5 32078
65092.9 6430.25
32053.6 79653.3
63176.4 33411.7
27851.2 93807.8
27729.1 40839.9
96688.7 25769.8
35648.7 15335.6
42472.6 84548.5
28495.1 2435.38
96389.7 60933.3
1028.47 47920.2
38715.8 24405.7
22757.7 94775.2
17746.5 20993.7
33103.4 88988.9
31391.3 50239.6
851.466 97238.1
87102.9 49388.1
88473.2 89599.3
5731.38 62935.3
11926.6 90453.8
85003.2 25641.7
36646.6 50666.8
88103.9 37165.4
244.148 44172.5
73171.2 56398.2
2615.44 42118.6
29187.9 93670.5
54042.2 67656.5
33942.7 28922.4
21930.6 84527.1
99710.1 33997.6
66826.4 22568.4
22220.5 27131
8273.57 93252.4
98620.6 37803.3
11224.7 98379.5
29938.7 10089.4
33549 85082.6
73815.1 22580.6
25312.1 50230.4
62999.4 53047.3
20447.4 47370.8
55327 65950.5
11423.1 99350
30744.3 50932.3
47541.7 69692.1
1037.63 90414.1
47499 95931.9
47889.6 84392.8
66844.7 37952.8
54872.3 10626.5
10901.2 44523.5
48997.5 48280.3
33896.9 91070.3
17502.4 43162.3
14752.6 91924.8
15408.8 42701.5
50352.5 40073.9
29563.3 78774.4
56749.2 77578.1
14719.1 26502.3
19043.5 49778.7
67339.1 17160.6
80504.8 46446.1
52708.5 33301.8
11566.5 82909.6
50978.1 64238.4
49366.7 24417.9
37812.4 50004.6
48359.6 6738.49
65190.6 91903.4
32752.5 56196.8
58064.5 57808.2
91277.8 62239.4
92449.7 60289.3
4980.62 5679.49
70561.8 35731.1
48667.9 95718.3
58696.2 2548.3
56581.3 18863.5
3393.66 26624.3
92962.4 52946.6
91558.6 72106.1
18140.2 49223.3
70134.6 65675.8
90737.6 35828.7
91021.5 52421.6
96627.7 45606.9
96749.8 71440.8
45298.6 21512.5
12653 29273.4
24210.3 2630.7
61085.8 99356.1
51771.6 44047.4
63319.8 25507.4
19602 73564.9
44804.2 57738
64662.6 38520.5
9344.77 98309.3
61879.3 45719.8
97848.4 86333.8
77938.2 47694.3
97265.5 98962.4
76799.8 78350.2
15372.2 97293
17615.3 91158.8
86990 95129.2
35651.7 3024.38
27234.7 78716.4
46836.8 96948.1
97537.2 55595.6
66570 86550.5
99908.4 60658.6
83431.5 95709.1
65208.9 97564.6
78362.4 56315.8
50950.7 43644.5
30015 77327.8
14316.2 96392.7
96841.3 88232.1
75978.9 89687.8
16556.3 10062
40376 57869.2
13650.9 57081.8
88079.5 75798.8
55467.4 22211.4
5804.62 52989.3
47602.8 49436.9
69798.9 10010.1
9155.55 46214.2
48133.8 15204.3
18488.1 39042.3
37580.5 9894.1
70134.6 25330.4
698.874 198.37
33426.9 24692.5
18717 43565.2
53572.2 82754
25867.5 8151.49
85668.5 30640.6
40806.3 33201.1
2395.7 53264
60713.5 68498.8
65947.4 69487.6
33707.7 21060.8
4849.39 77370.5
75237.3 87200.5
86297.2 67555.8
43989.4 98010.2
24585.7 57945.5
43058.6 56514.2
16370.1 52797
61882.4 94506.7
43232.5 79366.4
24640.6 27250
32297.7 5178.99
60741 34153.3
15479 89156.8
62965.8 43546.9
77977.8 69573
48982.2 49690.2
36652.7 42127.8
91757 40128.8
38926.4 31138
34556.1 61516.2
22794.3 7028.41
56166.3 2066.1
28608.1 53236.5
1882.99 18701.7
3241.07 35663.9
45997.5 87066.3
87255.5 77788.6
1315.35 2508.62
25699.6 94555.5
41398.4 10196.2
93188.3 88192.4
51094.1 92410
73824.3 59068.6
71056.2 91207.6
86666.5 34702.6
51786.9 94589.1
97305.2 70067.4
82912.7 64235.4
6198.31 22318.2
13254.2 32972.2
54423.7 53044.2
27362.9 50114.4
37376 61186.6
94109.9 2743.61
67162.1 99762
52964.9 91131.3
74202.7 79473.3
53642.4 86349.1
88753.9 12390.5
14624.5 48268.1
92916.7 98773.2
16309.1 32010.9
83779.4 10171.8
94323.6 61006.5
38325.1 71987.1
48661.8 94769.1
20728.2 98522.9
34293.6 69554.7
22632.5 83721.4
48802.1 39960.9
77098.9 695.822
82754 99646
36768.7 13165.7
48350.5 9265.42
56953.6 51933.3
52079.8 9778.13
74205.8 59511.1
26880.7 49205
21015 56077.8
89538.3 997.955
67299.4 29801.3
38883.6 2157.66
29230.6 4733.42
60460.2 89159.8
36115.6 89358.2
53221.2 59889.5
95867.8 58909.9
43965 39677.1
49757.4 74651.3
5066.07 79549.5
57060.5 93142.5
41160.3 64824.4
180.059 68700.2
60380.9 62205.9
50932.3 2142.4
95834.2 83462
88552.5 38953.8
92840.4 93838.3
10132.1 69957.6
27665 43321
24036.4 37696.5
73305.5 48878.4
66945.4 1574.76
77941.2 5783.26
35163.4 64925.1
71767.3 56205.9
70839.6 17096.5
67726.7 93115
93633.8 93743.7
71813.1 27677.2
18573.6 8355.97
68599.5 98257.4
50645.5 58253.7
97561.6 49128.7
96762 58073.7
85842.5 57075.7
85741.8 3952.15
53117.5 33906.1
36939.6 21488.1
54133.7 83141.6
68114.3 610.37
74550.6 38868.4
83175.1 70506.9
45768.6 64989.2
30454.4 17673.3
94311.3 42912.1
72109.1 326.548
91363.3 25876.6
55262.9 62144.8
18207.3 87978.8
25559.3 98605.3
13031.4 46061.6
73690 78975.8
14856.4 82580
55586.4 77074.5
70125.4 47557
76854.8 13968.3
17633.6 67799.9
82082.6 65694.1
17404.7 41407.5
39680.2 39152.2
39121.7 45826.6
62831.5 69289.2
75765.3 37443.2
57216.1 40684.2
98068.2 70958.6
36106.4 86690.9
15421 16559.3
93478.2 69231.2
58839.7 3115.94
75740.8 92379.5
51628.2 65462.2
42753.4 52867.2
83373.5 23874.6
58696.2 80617.7
52873.3 73958.6
3457.75 72460.1
95632.8 14957.1
45161.3 72103
61577.2 94702
64439.8 99566.6
58552.8 99264.5
71105.1 83098.8
27304.9 65465.3
3814.81 96816.9
63506 44383.1
53379.9 57075.7
52473.5 93914.6
311.289 80810
32239.8 28611.1
7281.72 58858
50532.5 4852.44
57069.6 47502.1
31345.6 69472.3
76641.1 31257.1
16693.6 50016.8
37989.4 60100.1
99200.4 14713
76378.7 14218.6
11114.8 80309.5
16550.2 99447.6
85424.4 95846.4
47615 26459.5
54619 80590.2
37153.2 76918.9
2829.07 44142
25229.7 9613.33
36878.6 66930.1
88921.8 9808.65
91891.2 69161
17935.7 34858.2
37138 46379
92056 59224.2
97668.4 99758.9
872.829 72069.5
57402.3 39231.5
96649.1 30472.7
59285.3 87612.5
20676.3 21460.6
68147.8 63795.9
94018.4 35950.8
11871.7 73220
13046.7 7715.08
66524.2 83648.2
40534.7 20542
1022.37 14435.3
32850.1 36640.5
47053.4 17410.8
93942.1 49507.1
9741.51 77468.2
96673.5 14288.8
84841.5 11014.1
62193.7 58861
97909.5 90408
37919.2 28620.3
31266.2 72463.1
64784.7 68279.1
54213.1 59233.4
74376.7 93624.7
22202.2 69097
6564.53 56483.7
60625 46339.3
88293.1 55970.9
98712.1 87356.2
64085.8 99133.3
69341.1 11536
18970.3 64149.9
40229.5 55055.4
84408.1 69206.8
92236.1 15585.8
67824.3 112.918
10309.2 26148.3
96447.6 99905.4
2819.91 86193.4
15973.4 73412.3
14786.2 27985.5
34794.2 10037.5
50694.3 46537.7
54313.8 77828.3
72505.9 71077.6
76046 91915.6
88491.5 6289.86
26093.3 10538
98504.6 21378.2
87627.8 61726.7
11331.5 15121.9
82003.2 53740
99737.5 35032.2
89129.3 72454
8801.54 78725.5
47734 18781.1
83263.6 55653.6
26120.8 89242.2
29368 37318
4077.27 52824.5
76958.5 74074.5
56508.1 27292.7
57356.5 6671.35
79491.6 7974.49
62709.4 50633.3
49321 52272.1
2395.7 81624.8
55177.5 72917.9
22129 99923.7
96075.3 43177.6
1376.38 2093.57
82665.5 67067.5
94744.7 38059.6
34580.5 17743.5
32899 81597.3
13879.8 97198.4
48713.6 92461.9
85280.9 20331.4
44224.4 98254.3
43739.1 76598.4
64024.8 74092.8
76.2963 72307.5
90740.7 48316.9
65212 6698.81
28193 12244
23657.9 84954.4
87896.4 62184.5
36906 21219.5
44468.5 51796
67317.7 34833.8
75667.6 82912.7
63142.8 92806.8
52546.8 12982.6
95303.2 1715.14
95510.7 7226.78
86541.3 2175.97
61751.2 13654
23615.2 68929.1
79809 89050
93087.6 69756.2
96765 54057.4
31376.1 86278.9
53828.5 5502.49
29718.9 49818.4
55806.1 64070.6
84615.6 95422.2
50175.5 85433.5
34406.6 87136.4
81347.1 13003.9
72624.9 17761.8
35740.2 421.155
78716.4 36100.3
43318 81850.6
56776.6 4855.49
51164.3 18302
22907.2 42384.1
34800.3 98040.7
31852.2 51280.3
62776.6 19183.9
83495.6 87072.4
80239.3 32721.9
99877.9 70027.8
27054.7 73946.3
13339.6 93295.1
56138.8 60524.3
56437.9 30408.6
67586.3 85280.9
94219.8 95388.7
24271.4 81823.2
89523 58436.8
64507 91183.2
41905 70510
77382.7 7498.4
90832.2 99713.1
56462.3 30985.4
23743.4 32801.3
97384.6 6207.46
79631.9 44819.5
55061.5 73870.1
88741.7 90023.5
26062.8 14157.5
39051.5 17218.5
71825.3 9869.69
10123 62675.9
48292.5 7348.86
64943.4 23636.6
57646.4 3405.87
40434 65678.9
87722.4 36365.9
27185.9 66948.5
54734.9 9289.83
79104 52467.4
14978.5 23621.3
43525.5 21576.6
61073.6 51240.6
52522.4 21674.2
68398.1 23145.2
65898.6 71382.8
7373.27 62895.6
6625.57 86239.2
87182.2 42826.6
79262.7 10049.7
46531.6 91338.8
11978.5 5059.97
57145.9 29194
12915.4 3988.77
55568.1 63112.3
81337.9 77147.7
68895.5 14673.3
64348.3 17703.8
50096.1 12723.2
99734.5 98242.1
88531.1 27359.8
35538.8 1709.04
11267.4 73668.6
67061.4 79961.5
40867.3 63283.2
81811 42902.9
25226.6 31949.8
53148 31458.5
5117.95 21164.6
73140.7 77462.1
35059.7 42078.9
65331 3543.2
23111.7 99697.9
67995.2 66237.4
5258.34 5609.3
28537.9 95327.6
19986.6 57295.4
99661.2 32639.5
98669.4 12143.3
77871 23361.9
37397.4 34366.9
75063.3 63032.9
65923 42841.9
63667.7 53294.5
79223 38087.1
86108 69615.8
47438 36451.3
69100 93990.9
69753.1 89657.3
33497.1 15830
87823.1 17816.7
40235.6 54173.4
24411.8 34061.7
63066.5 4235.97
62855.9 88888.2
28632.5 61586.4
32953.9 12347.8
14603.1 26911.2
18939.8 82247.4
46397.3 44615
55162.2 96392.7
83187.4 78328.8
25043.5 77117.2
33777.9 76433.6
29047.5 86141.5
93008.2 30768.8
37156.3 77883.2
39243.8 81637
91576.9 69411.3
83694 72191.5
75249.5 55098.1
12045.7 5395.67
11835.1 44132.8
9149.45 6631.67
12720.1 49012.7
7315.29 45094.1
36768.7 3125.1
48878.4 17099.5
78356.3 35578.5
3631.7 44456.3
49369.8 81356.2
31800.3 90960.4
70775.5 54969.9
33103.4 50202.9
39371.9 65706.4
72603.5 7812.74
85381.6 2594.07
23938.7 31186.9
86468.1 67244.5
20545.1 89922.8
53831.6 82622.8
55534.5 60029.9
56007.6 55980.1
20801.4 15057.8
95974.6 23975.3
26050.6 57264.9
7202.37 58143.9
88290 91930.9
84301.3 58873.3
32483.9 97985.8
13821.8 15942.9
93981.7 98046.8
20911.3 63829.5
63258.8 80971.7
97405.9 9823.91
63756.2 80117.2
26963.1 63173.3
3277.69 60341.2
72957.5 43253.9
89709.2 16953
44615 95062.1
51542.7 39686.3
7159.64 89968.6
53993.3 44840.8
51493.9 40003.7
51185.6 28714.9
89074.4 3738.52
65132.6 45445.1
87630.8 11865.6
32081.1 62392
13321.3 90658.3
6866.66 96191.3
94937 11392.6
65910.8 82580
75826.3 43882.6
99469 83159.9
69136.6 42222.4
33744.3 82174.1
81988 40907
73567.9 76476.3
24228.6 89404
6118.96 11755.7
67394 3335.67
56495.9 68205.8
69447.9 60405.3
35605.9 48716.7
31022.1 19135.1
71099 72737.8
98693.8 88638
61909.8 28916.3
80947.3 27414.8
47074.8 89678.6
92507.7 99469
29425.9 40809.4
92544.3 65681.9
44792 29239.8
32517.5 38737.1
17331.5 82091.7
79180.3 79604.5
91628.8 137.333
28394.4 63765.4
82161.9 78838.5
75429.5 95291
30793.2 59978
57295.4 96884.1
12878.8 67152.9
32779.9 54042.2
82653.3 28135
15823.8 41431.9
98468 37293.6
27817.6 9622.49
18567.5 61168.2
84487.4 60295.4
7992.8 40330.2
82952.4 88036.7
47215.2 90685.8
4635.76 16895
83196.5 57271
99600.2 9762.87
13409.8 23752.6
67940.3 78731.7
43556 30704.7
3903.32 74559.8
9451.58 5783.26
18311.1 83373.5
3885.01 58958.7
4925.69 8697.78
98931.9 45912
66390 66991.2
4394.67 52711.6
65355.4 74749
53068.6 4904.32
16458.6 55366.7
53282.3 54155.1
84710.2 43833.7
99551.4 45539.7
5941.95 17407.8
81792.7 18628.5
95031.6 30402.5
83840.4 45497
57322.9 81173.1
11816.8 58757.3
69109.2 89489.4
43021.9 72759.2
42606.9 12363
35960 51094.1
41163.4 76485.5
92120.1 23487
60277.1 55372.8
10119.9 5261.39
40055.5 69399.1
22919.4 22425
24750.5 36771.8
58571.1 95593.1
34992.5 53627.1
15317.2 85781.4
68327.9 31342.5
91525 55269
93728.4 69212.9
61128.6 46617
55641.3 90585
35230.6 32963
53267 20615.3
424.207 42750.3
10617.4 33738.2
74544.5 11978.5
3067.11 48985.3
70363.5 67134.6
55925.2 1293.98
7995.85 91894.3
80745.9 66911.8
66505.9 80755
64925.1 71013.5
15393.5 32694.5
80272.8 55699.3
16650.9 88012.3
26126.9 36436
37873.5 61427.7
72692 25132
67180.4 74626.9
20151.4 47908
70494.7 41325.1
39298.7 35740.2
81847.6 8008.06
9161.66 16080.2
67305.5 3454.7
17374.2 83565.8
53148 170.904
38837.9 77950.4
58943.4 40870.4
58360.5 47416.6
26120.8 33106.5
52821.4 25339.5
82686.8 65224.2
98577.8 98654.1
34681.2 46681.1
19657 95953.2
25046.5 25937.7
42423.8 73442.8
50462.4 89019.4
72277 26859.3
76851.7 91830.2
58085.9 7513.66
44120.6 29410.7
59917 70528.3
802.637 95245.2
85726.5 33448.3
59184.5 33683.3
12595 73332.9
11581.8 38712.7
58198.8 40421.8
98376.4 2099.67
18051.7 16568.5
68407.2 64091.9
34247.9 96484.3
22421.9 69762.3
11212.5 19980.5
80114.1 84182.3
44215.2 33317.1
61421.6 69469.3
76137.6 7760.86
22742.4 76897.5
48234.5 93508.7
38627.3 57145.9
60460.2 37076.9
69612.7 41880.6
6946.01 40305.8
6808.68 99707
2368.24 89080.5
33893.9 19669.2
64693.1 29892.9
97073.3 25452.4
70040 22421.9
23697.6 73314.6
45216.2 46156.2
80169.1 36976.2
13589.9 89285
9643.85 32529.7
59880.4 97933.9
40348.5 86529.1
29541.9 13864.6
4937.89 335.704
28348.6 78798.8
61681 13925.6
37769.7 33426.9
57963.8 22193.1
11813.7 89324.6
26871.5 46940.5
70946.4 1788.38
57344.3 17651.9
58677.9 21832.9
28608.1 64180.4
76506.9 55351.4
49525.4 74480.4
62770.5 7681.51
93380.5 20487.1
31101.4 41615
68862 5313.27
34046.4 27018
17789.2 34830.8
67537.5 10187.1
80190.4 66805
81786.6 81041.9
17416.9 40693.4
14249.1 66307.6
33896.9 41236.6
10303 26780
88122.2 98959.3
47233.5 86852.6
33518.5 80694
27149.3 74346.1
79870 73308.5
54512.2 98864.7
15796.4 13678.4
63811.2 46708.6
83074.4 68108.2
13086.3 20551.2
43269.1 14267.4
8911.4 1950.13
27420.9 28806.4
78392.9 64827.4
9347.82 33747.4
53929.3 18051.7
93197.4 4809.72
86242.3 5288.86
55891.6 94753.9
51381 40134.9
35096.3 74895.5
67281.1 4773.09
3286.84 47911
85537.3 90237.1
18591.9 35068.8
73955.5 6347.85
93032.6 90978.7
55616.9 39579.5
68727.7 48997.5
19943.8 86828.2
42799.2 50480.7
71511 43333.2
31455.4 60866.1
32129.9 72801.9
14029.4 25861.4
61949.5 37885.7
47471.5 70778.5
15039.5 19141.2
92007.2 96124.1
95242.2 592.059
38532.7 72655.4
27799.3 50016.8
78423.4 88946.2
12454.6 72069.5
6299.02 54615.9
73601.5 62413.4
96481.2 12353.9
73131.5 40925.3
43650.6 61870.2
1626.64 92147.6
8444.47 48851
13473.9 91061.1
58513.1 22116.8
21540 42378
45741.1 12048.7
17075.1 11401.7
10199.3 33423.9
30408.6 74633
51521.3 65816.2
98104.8 68199.7
58229.3 14624.5
52171.4 62309.6
35749.4 5920.59
97000 39762.6
23648.8 18204.3
89581 6704.92
42774.7 4171.88
88695.9 13745.5
62883.4 5694.75
88668.5 15521.7
31415.8 15048.7
3311.26 46903.9
54033 85570.8
15695.7 43888.7
67525.3 44856.1
59361.6 87368.4
95733.5 13623.5
46601.8 97872.9
29090.2 83355.2
9445.48 59398.2
18454.5 55867.2
68956.6 488.296
23786.1 97906.4
98474.1 10651
8352.92 13919.5
96423.2 20242.9
19071 90115.1
34339.4 21967.2
43589.6 12906.3
95693.8 62108.2
84762.1 14957.1
71157 79601.4
43147.1 51829.6
25959 21070
48106.3 62450
4931.79 10010.1
28180.8 16483
90862.8 98135.3
61360.5 1754.81
81798.8 77123.3
95831.2 54823.5
2932.83 78829.3
81881.2 87847.5
18680.4 42085
5548.27 14865.6
60560.9 74239.3
64680.9 30637.5
36539.8 85546.4
77944.3 45091.1
37437.1 24518.6
67528.3 26630.5
6039.61 92410
6079.29 57304.6
84518 64894.6
68517.1 53050.3
5783.26 99111.9
79342 52058.5
44456.3 54191.7
96133.3 24485
92983.8 3372.3
19730.2 6518.75
78588.2 65849.8
71855.8 12033.4
86690.9 36475.7
30707.7 24872.6
6353.95 41435
65218.1 24942.8
63481.6 98025.5
58525.3 51210.1
57271 6653.04
61388 54741.1
65672.8 53209
66042.1 44911
35374 49873.3
41248.8 81893.4
22016.1 92577.9
19061.9 18552.2
96188.2 63139.7
73989.1 44917.1
80907.6 54292.4
85161.9 38276.3
36149.2 45677.1
22147.3 72063.4
56080.8 8908.35
45008.7 86697
94598.2 69924
59236.4 75414.3
84826.2 6625.57
16205.3 88293.1
68190.6 10040.6
99777.2 7547.23
98675.5 87066.3
89608.4 97277.7
37888.7 32923.4
41901.9 80681.8
6616.41 51521.3
78142.6 48014.8
8392.59 51719.7
22434.2 48286.4
90801.7 97747.7
78157.9 67894.5
60094 41837.8
84453.9 49269.1
14731.3 17203.3
43241.7 52723.8
13531.9 19483
57377.8 14569.5
43977.2 54829.6
70546.6 4629.66
6360.06 82656.3
49549.9 36332.3
79375.6 31308.9
99615.5 32432
82775.4 14664.1
53303.6 99539.2
2725.3 27842
23715.9 14548.2
95486.3 50154.1
62550.7 76134.5
35007.8 33396.4
13672.3 24372.1
20157.5 3616.44
2850.43 81688.9
7074.19 54487.7
54188.7 18179.9
82384.7 60405.3
74004.3 94525
42854.1 87435.5
92669.5 85506.8
97116 30243.8
5108.8 37363.8
55061.5 53126.6
555.437 62041.1
20618.3 63258.8
22162.5 21463.7
53395.2 94299.1
47157.2 5017.24
14944.9 28479.9
28113.7 53264
65236.4 35285.5
85976.7 31113.6
24872.6 54863.1
95468 3515.73
68862 4287.85
53526.4 16821.8
67351.3 34803.3
71340.1 38935.5
39143 18152.4
80675.7 61366.6
33469.6 90157.8
95056 16339.6
5749.69 29618.2
16470.8 12064
2902.31 735.496
28211.3 39283.4
23850.2 37089.1
64461.2 52241.6
70864 95358.1
97265.5 77202.7
57316.8 56904.8
31519.5 51609.9
87557.6 5328.53
48597.7 47056.5
74428.5 58107.2
89199.5 79158.9
10135.2 80483.4
16116.8 57466.4
56068.6 59691.2
47517.3 78548.5
67156 67677.8
1309.24 15356.9
16446.4 90392.8
41328.2 6006.04
35514.4 51829.6
65843.7 95098.7
36277.4 10928.7
29123.8 30704.7
29920.3 59416.5
36613.1 70143.7
8496.35 98791.5
4364.15 97662.3
4843.29 24494.2
23358.9 7165.75
96466 95483.3
19321.3 53123.6
68959.6 17218.5
48707.5 22718
4666.28 16312.1
21390.4 32468.6
12109.7 34855.2
90780.4 2343.82
61916 22632.5
1919.61 10580.8
44761.5 55296.5
38245.8 82247.4
17056.8 56633.2
57554.9 14752.6
49937.4 53080.8
57918 93405
47175.5 38578.4
64046.1 73.2444
47697.4 77901.5
74822.2 68230.2
78283 26590.8
62584.3 87319.6
72069.5 95629.7
64778.6 9710.99
18536.9 38920.3
58635.2 63332
60521.3 91821
59474.5 23035.4
3946.04 38694.4
33262.1 43937.5
55891.6 37745.3
64058.4 9747.61
56563 81188.4
66957.6 99310.3
20868.6 18884.9
87194.4 24375.1
55183.6 23603
75963.6 41865.3
64922 25968.2
83657.3 93588.1
18567.5 97317.4
61101.1 76680.8
83767.2 8465.83
9405.8 97817.9
1120.03 42649.6
69112.2 14337.6
11307.1 90624.7
89165.9 15408.8
1120.03 6149.48
66469.3 46354.6
84112.1 49968
96496.5 29267.3
81399 332.652
25711.8 83056.1
18329.4 58323.9
46372.9 95992.9
2554.4 25962.1
24283.6 53965.9
99191.3 85338.9
274.667 77504.8
68663.6 56813.3
55845.8 70705.3
82909.6 64476.5
83758 35215.3
85464 86928.9
54100.2 52372.8
11169.8 21558.3
16516.6 86642
31067.8 40406.5
29148.2 13446.5
38081 65767.4
54994.4 24561.3
39182.7 43641.5
16281.6 14160.6
69609.7 43159.3
47434.9 98651.1
94781.3 60106.2
37336.3 73415.3
15537 52684.1
1461.84 59617.9
42323.1 87609.5
74514 44145
53935.4 24698.6
64183.5 65855.9
6463.82 18060.9
56697.3 51228.4
8087.41 61992.2
14728.2 52568.1
25248 59749.1
58302.6 91863.8
35966.1 43284.4
69365.5 63426.6
95806.8 22089.3
10583.8 98474.1
32175.7 89257.5
99053.9 44700.5
32572.4 62901.7
25479.9 64079.7
42405.5 91058.1
59532.5 1892.15
37986.4 98171.9
31925.4 30213.3
90383.6 1321.45
33896.9 18900.1
85680.7 74312.6
24692.5 37287.5
17328.4 87694.9
87676.6 39631.3
16196.2 2941.98
25711.8 37495
33918.3 48829.6
36411.6 12161.6
45197.9 58143.9
57905.8 70207.8
84710.2 92919.7
25736.3 95370.3
84148.7 36219.4
31513.4 99844.4
25125.9 78704.2
23947.9 28077
73528.2 77977.8
42912.1 16278.6
10892.1 18985.6
27097.4 60689.1
28540.9 53471.5
85964.5 97744.7
99987.8 46659.7
76552.6 49336.2
97314.4 9298.99
75820.2 36182.7
67107.2 43199
89089.6 12515.6
31595.8 78334.9
85271.8 25174.7
30607 29703.7
99465.9 50236.5
69969.8 52018.8
93560.6 10312.2
91970.6 20389.4
15485.1 25641.7
33539.8 15106.7
47712.6 2087.47
87734.6 38630.3
85613.6 9173.86
34156.3 42951.8
36375 51292.5
53975 95443.6
79009.4 85198.5
95104.8 61256.8
76134.5 86907.6
3238.01 30521.6
78136.5 21146.3
84307.4 68337
10342.7 16476.9
14001.9 15759.8
83825.2 99169.9
60029.9 19904.2
20453.5 89031.6
32630.4 21250
32856.2 10257.3
29096.3 76320.7
49848.9 20444.3
87820.1 43806.3
28040.4 10895.1
17566.5 12347.8
40162.4 81344
17551.2 97982.7
80794.7 42201
53965.9 89458.9
80108 47496
8563.49 69573
66216 11563.5
64970.9 90548.4
66814.2 12695.7
48277.2 31656.8
90670.5 36787
83617.7 17230.8
79647.2 64165.2
89269.7 23090.3
71852.8 52720.7
70003.4 49610.9
66539.5 20426
26212.3 89526
31388.3 80416.3
44499 68529.3
42817.5 31711.8
85342 86928.9
99896.2 58754.2
33439.1 40333.3
2536.09 42838.8
26395.5 47605.8
34562.2 38593.7
27332.4 64156
42292.6 18616.3
57078.8 8700.83
49238.6 39411.6
51561 81661.4
97576.8 31720.9
60005.5 3222.75
56996.4 68431.7
49586.5 49327.1
91567.7 13092.4
32154.3 13556.3
25217.4 2282.78
78652.3 73201.7
96496.5 64833.5
36835.8 87484.4
43180.6 31131.9
17984.6 6173.89
7443.46 35581.5
68129.5 16684.5
2114.93 65324.9
89507.7 7733.39
28702.7 58415.5
27835.9 77779.5
87814 4513.69
91024.5 66246.5
72566.9 51240.6
14944.9 35810.4
85665.5 69325.8
41935.5 83703.1
70683.9 79680.8
27573.5 10290.8
98278.8 95483.3
41441.1 23001.8
97882 82464.1
77425.5 3701.9
75533.3 90444.7
39240.7 17706.8
8484.15 59318.8
16748.6 92504.7
57164.2 52555.9
18738.4 44315.9
85161.9 21366
77779.5 80666.5
27842 52681.1
92748.8 57020.8
225.837 4000.98
24701.7 15674.3
84749.9 78347.1
11682.5 84978.8
89501.6 42295.6
18097.5 67046.1
17655 40385.1
84283 92074.3
38602.9 8874.78
91903.4 67354.4
1501.51 42072.8
10788.3 99188.2
81814 14319.3
42851 15726.2
1480.15 10766.9
28675.2 68959.6
13373.2 70058.3
32447.3 43882.6
90600.3 92056
70833.5 53059.5
11331.5 13736.4
1397.75 44630.3
79778.4 6381.42
36274.3 1940.98
73870.1 97146.5
96581.9 62892.5
60405.3 68208.9
73345.1 37125.8
68117.3 36570.3
10477 49220.3
59440.9 67638.2
75426.5 85949.3
91494.5 25714.9
33161.4 75804.9
6973.48 14557.3
89123.2 78835.4
45536.7 11069.1
16708.9 14993.7
16315.2 45292.5
34986.4 9064
22217.5 29816.6
52192.8 80321.7
76567.9 91729.5
40711.7 55040.1
2783.29 10211.5
59102.1 29996.6
57698.3 12958.2
86831.3 65047.2
69084.7 34479.8
87313.5 32944.7
28132 89440.6
64922 4516.74
27381.2 64201.8
31537.8 97305.2
84820.1 79604.5
48320 65807.1
44706.6 28205.2
58281.2 61458.2
95819 39021
75316.6 40452.3
97662.3 72963.7
45289.5 47535.6
55363.6 2035.58
44846.9 53932.3
33765.7 75475.3
33503.2 77440.7
51460.3 25901.1
24716.9 62944.4
45280.3 18659
91509.8 51350.4
45954.8 97427.3
72292.2 15161.6
55522.3 29245.9
92504.7 88753.9
67104.1 2108.83
67705.3 71507.9
17709.9 78173.2
3732.41 31940.7
14664.1 55787.8
59559.9 90911.6
26288.6 43455.3
88454.8 12048.7
77474.3 98776.2
23120.8 77575
40751.4 35605.9
20380.3 77547.5
63515.1 52494.9
31046.5 90749.8
21970.3 85509.8
10647.9 85274.8
42503.1 38630.3
36561.2 16983.6
81023.6 94805.7
47251.8 53938.4
961.333 60765.4
69176.3 4910.43
40525.5 48793
47016.8 80156.9
9808.65 48512.2
42878.5 62495.8
8456.68 91824.1
20032.3 16931.7
4419.08 64168.2
76857.8 16806.5
64491.7 65175.3
46623.1 14716
77214.9 71852.8
28684.3 36280.4
58815.3 7455.67
66786.7 24881.7
82738.7 69133.6
40028.1 15494.2
23468.7 17490.2
82161.9 65767.4
55229.3 81191.4
94851.5 22421.9
96173 79717.4
70467.2 51176.5
38712.7 17435.2
90121.2 8206.43
56639.3 52061.5
12463.8 81405.1
29563.3 90667.4
19000.8 79424.4
75426.5 16345.7
31406.6 96749.8
31592.8 98699.9
66576.1 32837.9
75246.4 91177.1
44990.4 93517.9
23621.3 68517.1
18024.2 52693.3
4794.46 7318.34
29816.6 2563.55
39564.2 62904.8
79351.2 70445.9
25101.5 45606.9
98336.7 30283.5
61003.4 49586.5
10562.5 87060.2
8322.4 37324.1
88302.3 62138.7
22263.3 32880.6
71401.1 57750.2
49098.2 27097.4
64726.7 28666
27997.7 47819.5
79519 39262.1
88363.3 98287.9
34336.4 34012.9
83269.8 16809.6
81197.5 99636.8
49687.2 60875.3
72524.2 46925.3
36103.4 68761.3
34547 90463
88097.8 1852.47
62788.8 54280.2
32602.9 20725.1
5209.51 81655.3
51402.3 98135.3
48716.7 77102
84499.6 22052.7
74568.9 58723.7
54023.9 91903.4
98406.9 49064.6
49241.6 61015.7
60429.7 82522
63332 28550.1
81435.6 57524.3
22568.4 33948.8
50254.8 11529.9
98464.9 57036
58314.8 47029
43595.7 76912.7
46842.9 86614.6
41651.7 92782.4
82436.6 85323.6
12384.4 59798
26538.9 78286.1
62056.3 43076.9
14526.8 91879
20026.2 43000.6
9945.98 96475.1
52095.1 94952.2
49607.8 28904.1
91222.9 96548.4
45112.5 62794.9
76265.8 65584.3
56440.9 54860.1
39344.5 81731.6
3247.17 45307.8
32471.7 15167.7
29480.9 40470.6
34043.4 95254.4
86922.8 55784.8
25864.4 22333.4
53334.1 47251.8
81298.3 75884.3
50764.5 9482.1
55159.2 22013
79708.2 68511
16013.1 73571
34675.1 47398.3
11462.8 5841.24
16864.5 32874.5
7083.35 81106
9515.67 21036.4
89608.4 85049
31577.5 70302.4
74987 28254
35331.3 39686.3
11975.5 15839.1
63579.2 40592.7
21845.1 38392.3
32032.2 80169.1
64836.6 87304.3
52516.3 24411.8
74019.6 47660.8
62614.8 59120.5
47151.1 71788.7
77401 76805.9
37171.5 86590.2
28849.1 67738.9
31931.5 37794.1
8572.65 43202
63853.9 24250
79503.8 69075.6
40046.4 25373.1
72142.7 37946.7
33588.7 74892.4
31016 57774.6
26557.2 84008.3
26941.7 85311.4
45439 67082.7
732.444 82354.2
79549.5 73009.4
53993.3 22998.7
23084.2 75353.3
52586.4 29966.1
31443.2 24408.7
58442.9 68175.3
32407.6 14322.3
55302.6 73665.6
82854.7 68340.1
84029.7 45976.1
11572.6 95367.3
53117.5 82168
38886.7 20938.7
40028.1 80523.1
13596 45732
48963.9 92129.3
57988.2 34730.1
40708.6 48435.9
61430.7 90191.4
180.059 42896.8
13260.3 11514.6
57283.2 94860.7
15533.9 95175
26722 73787.7
66298.4 77773.4
