91573.8 42909
26059.8 24768.8
19275.5 54261.9
4034.55 87829.2
82799.8 1870.78
66478.5 25269.3
77816.1 13892
66744 59685
15143.3 16809.6
77300.3 37769.7
22861.4 5578.78
33726 86486.4
67354.4 74105
49223.3 12378.3
8941.92 34192.9
40266.1 97222.8
57725.8 1120.03
54008.6 93017.4
45191.8 73909.7
38062.7 69585.3
77333.9 88467.1
43308.8 17798.4
84789.6 71706.3
308.237 61601.6
35709.7 74755.1
60002.4 81942.2
26929.5 13397.6
39274.3 5761.89
19071 93884.1
62025.8 63136.7
31266.2 52156.1
36384.2 65688
61006.5 84783.5
58684 9451.58
44871.4 99499.5
84795.7 55247.7
25672.2 63698.2
59495.8 89724.4
41679.1 78829.3
44462.4 20206.3
3521.84 58940.4
35511.3 6436.35
74449.9 41435
9738.46 82372.5
19486.1 8166.75
93151.6 71129.5
39213.2 45030.1
89443.6 46229.4
53685.1 18134.1
60524.3 42262
52226.3 94735.6
99432.4 68077.6
74626.9 86968.6
86254.5 25635.5
39429.9 46614
67684 87679.7
84917.8 88927.9
50822.5 37263.1
38398.4 73699.1
51881.5 22394.5
79461 21677.3
90380.6 28766.7
12784.2 94476.1
69481.5 23828.9
16156.5 16046.6
33085.1 75261.7
79293.2 63930.2
40299.7 96969.5
99118 8297.98
47929.3 25757.6
47111.4 27042.5
41581.5 81814
74352.2 74892.4
6057.92 16043.6
69875.2 34815.5
75591.3 97534.1
37980.3 29746.4
54615.9 44080.9
10116.9 22785.1
49671.9 49101.2
56944.5 84017.5
3054.9 7885.98
16232.8 52037.1
68852.8 96435.4
2194.28 68346.2
21979.4 5929.75
11908.3 12714
40888.7 86031.7
94406 17642.8
54466.4 30.5185
98098.7 90054
93878 45115.5
62163.2 18338.6
39884.6 40733.1
67464.2 92877
6308.18 38279.4
12692.6 18155.5
50242.6 55204.9
31330.3 44624.2
49659.7 86623.7
15039.5 98379.5
39005.7 97631.8
59144.9 36857.2
43458.4 49385.1
95788.4 8606.22
2417.07 62102.1
30420.9 45289.5
22879.7 68099
47245.7 64037
53343.3 58000.4
99203.5 8285.78
18808.6 73226.1
48170.4 5212.56
7580.8 47898.8
70998.3 67888.4
50422.7 53294.5
96954.3 20297.9
82717.4 47944.6
92263.6 73326.8
30274.4 86544.4
57335.1 29844.1
9408.86 90752.9
52317.9 47038.2
81865.9 35059.7
16592.9 34058.7
55266 50792
97839.3 13180.9
69716.5 1422.16
56273.1 22550.1
61134.7 32285.5
59773.6 88653.2
41972.1 47843.9
35358.7 46629.2
89953.3 19595.9
92825.1 36594.7
85442.7 77806.9
86001.2 54036.1
88067.3 90112
27384.3 82430.5
93215.7 80202.6
21698.7 86236.2
59059.4 89642
34000.7 92352.1
44703.5 35981.3
58024.8 38166.4
50080.9 70305.5
311.289 14359
98251.3 87289
45814.4 80520
50682.1 90933
20526.7 81768.2
96194.3 69097
16867.6 44483.8
4129.15 79931
97347.9 79223
82442.7 3353.98
42170.5 69032.9
31247.9 60704.4
56447 71208.8
32557.1 55638.3
2563.55 10678.4
66734.8 39518.4
73409.2 93084.5
96340.8 54268
71990.1 15741.4
7995.85 55916
13184 4571.67
52885.5 71959.6
13150.4 55116.4
76479.4 95587
82052.1 5798.52
78188.4 69978.9
85750.9 21533.9
91491.4 65761.3
92056 15796.4
25205.2 4751.73
67171.2 89327.7
56526.4 33115.6
37968.1 13519.7
16434.2 97048.9
85689.9 36701.6
58110.3 24149.3
86745.8 41361.7
48997.5 63573.1
66179.4 30497.1
77108.1 88079.5
79476.3 71175.3
12213.5 11139.3
88305.3 73455
12558.4 22223.6
45829.6 32779.9
17685.5 93313.4
57234.4 13980.5
18018.1 59910.9
31025.1 4989.78
41862.2 29520.6
86843.5 18417.9
50364.7 20847.2
35270.2 69112.2
81139.6 86730.6
95407 5798.52
31135 24030.3
65712.5 24976.3
19406.7 23554.2
13815.7 45130.8
20361.9 63121.4
900.296 69451
8166.75 96926.8
6271.55 15134.1
2896.21 44337.3
67748 37440.1
59074.7 31208.2
3494.37 26541.9
87225 86858.7
30951.9 5426.19
49037.1 49855
48420.7 6833.09
16812.6 85699
94988.9 57469.4
37781.9 69548.6
54405.3 47523.4
93929.9 37110.5
18527.8 13715
97949.2 56828.5
75939.2 13907.3
15967.3 26462.6
41416.7 21439.3
57646.4 47245.7
91833.2 17349.8
24280.5 78649.3
24112.7 8532.98
55549.8 26996.7
927.763 50032
65511 70955.5
99655.1 99530
8471.94 77071.4
30311 82219.9
65407.3 8471.94
38084 94125.2
91442.6 79879.1
55998.4 22040.5
15164.6 61977
23444.3 8188.12
30274.4 88399.9
36146.1 37739.2
70250.6 68315.7
43192.8 77285.1
6662.19 57829.5
56764.4 42442.1
61726.7 93304.2
90179.1 22669.1
75746.9 39704.6
89898.4 41431.9
20078.1 57121.5
77080.6 79839.5
96200.4 38563.2
64348.3 41901.9
11551.3 22190
63368.6 89507.7
72789.7 31064.8
48872.3 25232.7
86974.7 43574.3
94760 51155.1
11478 47645.5
47883.5 81753
43079.9 81869
55162.2 39027.1
86990 16654
9646.9 7995.85
96346.9 78582.1
31138 80645.2
22879.7 70995.2
47007.7 66487.6
69313.6 94045.8
88848.5 97842.3
84136.5 17255.2
70558.8 7983.64
89419.2 7776.12
63502.9 10251.2
82229.1 67375.7
34369.9 56263.9
320.444 81402
61333 1351.97
92712.2 32749.4
94186.2 55375.8
85738.7 84017.5
74022.6 46961.9
85287 80907.6
78124.3 79409.2
5752.74 80098.9
5667.29 6259.35
66393 54619
69881.3 4763.94
45670.9 79888.3
12241 75301.4
34269.2 53560
4431.29 44911
77324.7 52275.2
53535.6 3036.59
46552.9 78444.8
76244.4 47657.7
32905.1 201.422
57603.7 69832.5
332.652 37656.8
59965.8 54918.1
91314.4 98544.3
97744.7 28461.6
24756.6 16412.9
43638.4 24973.3
76952.4 94503.6
81923.9 7654.04
86086.6 8374.28
74404.1 17243
71080.7 70494.7
54741.1 78090.8
5273.6 9811.7
16687.5 39548.9
35630.4 69551.7
11893.1 80913.7
88070.3 76238.3
22928.6 57875.3
49546.8 83193.5
27106.5 18765.8
67558.8 41532.6
16763.8 68636.1
57597.6 1837.21
91607.4 9289.83
59279.2 99621.6
88741.7 33448.3
31711.8 27683.3
66054.3 1135.29
28766.7 48564.1
4507.58 76397
44816.4 50090
45020.9 52501
71654.4 97253.3
25534.8 43778.8
57142.9 83486.4
33924.4 72124.4
6244.09 34498.1
42307.8 26401.6
15076.1 67748
38486.9 22809.5
78585.2 60713.5
20026.2 44331.2
62474.4 31095.3
66695.2 87444.7
80040.9 82027.6
56819.4 94152.7
64488.7 15482
43238.6 97509.7
77391.9 66939.3
54432.8 58745.1
43910 64485.6
36475.7 24100.5
55391.1 65450
1443.53 79546.5
29978.3 73693
97885.1 31440.2
71855.8 90710.2
68974.9 91320.5
19727.2 3601.18
14011 92892.2
25232.7 63155
18857.4 19406.7
51802.1 55006.6
70928.1 69478.4
34693.4 17157.5
24384.3 39515.4
92782.4 6875.82
31174.7 50895.7
32697.5 70149.8
3476.06 99969.5
36021 16773
23239.8 59038.1
70076.6 54274.1
64409.3 6466.87
12979.5 83712.3
43479.7 13989.7
33607 10525.8
63991.2 69374.7
17032.4 73571
70592.4 62572.1
76110.1 45393.2
78292.2 13461.7
39814.4 6979.58
92562.6 69331.9
58989.2 49992.4
85836.4 50190.7
20044.6 9704.89
46119.6 70076.6
7348.86 81710.3
63292.3 12457.7
4846.34 25540.9
68697.2 87875
77553.6 8346.81
93707.1 51887.6
23587.8 91708.1
62862 11578.7
37302.8 14758.8
87176.1 98577.8
74199.7 76729.6
73290.2 36851.1
58217.1 71996.2
14062.9 83364.4
22013 80834.4
76220 69658.5
20911.3 68938.3
50709.6 22599
11075.2 98849.5
81386.8 92300.2
32581.6 6442.46
37617.1 65413.4
87994 45573.3
46491.9 91918.7
57069.6 53987.2
50175.5 3473.01
38242.7 43687.2
4150.52 51527.5
57454.1 68800.9
81844.5 43260
35016.9 74132.5
1351.97 3512.68
51115.5 77504.8
39863.3 40818.5
540.178 89007.2
51396.2 45649.6
77330.9 20270.4
53468.4 99035.6
79903.6 86950.3
98364.2 19626.5
77333.9 57438.9
94570.8 27402.6
27378.2 51042.2
94058 52058.5
86904.5 38670
10974.5 64284.2
5276.65 49189.7
87463 57994.3
41444.1 34586.6
72093.9 61671.8
95242.2 97015.3
26700.6 6936.86
93563.6 30909.1
27115.7 32465.6
22092.3 83248.4
73479.4 51371.8
43131.8 85100.9
75750 60228.3
90170 57612.8
30036.3 17761.8
79891.4 45500
51390.1 71456
32126.8 81234.2
78618.7 60075.7
38505.2 32978.3
16852.3 70342.1
70293.3 39503.2
33399.5 75795.8
66164.1 85064.2
72557.8 36039.3
90472.1 17493.2
4968.41 84444.7
2633.75 62581.3
77233.2 82442.7
28296.8 37830.7
77260.7 68587.3
72862.9 18808.6
81133.5 80425.4
68041 61101.1
97012.2 77361.4
92028.6 31104.5
71724.6 42628.3
53944.5 48719.7
75719.5 92480.2
83150.7 95059.1
31897.9 70723.6
14062.9 88351.1
4092.53 56755.3
7138.28 81115.1
10669.3 65166.2
96572.8 81765.2
79009.4 65105.1
5392.62 53730.9
6384.47 97470
18598 95266.6
42957.9 18079.2
54869.2 53013.7
62419.5 44972.1
27573.5 72542.5
35999.6 37876.5
35654.8 38853.1
75386.8 88103.9
75023.7 10092.5
60225.2 46845.9
11063 97564.6
15830 70140.7
2923.67 95101.8
56694.2 8508.56
20188 11038.5
61449 19483
42527.5 5816.83
94903.4 31083.1
83010.3 88378.6
42768.6 34418.8
25672.2 74471.3
74724.6 33494.1
17944.9 60023.8
1376.38 30384.2
8627.58 12637.7
40870.4 73882.3
71950.4 34415.7
60609.8 49733
8420.06 99154.6
9851.37 40623.2
63072.6 17123.9
8743.55 33994.6
51661.7 30484.9
9408.86 5850.4
35557.1 92495.5
94732.5 58656.6
35862.3 33631.4
30481.9 41465.5
27408.7 67775.5
36368.9 30411.7
3280.74 41511.3
91665.4 97656.2
50465.4 79778.4
41026 46937.5
27243.9 30860.3
16144.3 43891.7
82992 64000.4
38831.8 19153.4
10965.3 22605.1
21173.7 72484.5
74745.9 86285
28388.3 55986.2
98895.2 44773.7
20004.9 64552.8
64555.8 36936.6
34971.2 11642.8
512.711 57875.3
36356.7 18576.6
10409.9 87383.6
81228.1 95376.4
26700.6 42783.9
31357.8 41389.2
32023.1 9308.15
70384.8 43733
38538.8 51152.1
43012.8 1705.98
65926.1 56297.5
81951.4 55342.3
8633.69 18277.5
38135.9 46134.8
33024.1 7959.23
79924.9 88171
94976.7 38505.2
76827.3 77691
18695.6 76598.4
33481.9 19284.6
27228.6 3112.89
89404 96810.8
65370.6 76320.7
50202.9 67131.6
5584.89 717.185
65868.1 4873.81
77581.1 54707.5
21747.5 76278
12085.3 80141.6
57853.9 70223.1
39576.4 86932
82091.7 64699.2
34446.2 75814.1
93084.5 56657.6
45374.9 32401.5
78188.4 33539.8
2383.5 95669.4
2313.3 14474.9
41352.6 53923.2
53212.1 39371.9
36457.4 71526.2
58806.1 33967.1
81319.6 99313.3
42240.7 28971.2
9369.18 71990.1
30253 61452.1
94103.8 45545.8
80459 36567.3
19830.9 77828.3
43253.9 77773.4
63609.7 5407.88
23862.4 43626.2
78856.8 19873.7
60258.8 39329.2
21420.9 96636.9
82470.2 1107.82
8609.27 79415.3
69020.7 81585.1
51872.3 73531.3
66014.6 14230.8
53730.9 51075.8
84557.6 85079.5
9610.28 21137.1
42146.1 89742.7
5154.58 68211.9
63591.4 3949.1
49693.3 11853.4
7156.59 45670.9
36451.3 90807.8
31513.4 56947.5
70155.9 24594.9
69151.9 83614.6
52644.4 55861.1
21829.9 80956.5
67094.9 26416.8
43769.6 23490.1
51542.7 90273.8
28116.7 46986.3
2243.11 16660.1
62395.1 799.585
97576.8 86242.3
68480.5 38724.9
83050 33597.8
92837.3 26407.7
8102.66 39149.1
62495.8 93527
55253.8 23575.5
72554.7 8786.28
52269.1 47953.7
20673.2 5926.69
7968.38 72640.2
54344.3 38801.2
62300.5 78084.7
46406.4 93688.8
91262.6 689.718
64561.9 36964
57365.6 86828.2
50422.7 26267.3
46220.3 18124.9
73796.8 63213
79876.1 11212.5
77742.9 15878.8
47538.7 44962.9
80108 89153.7
44325.1 18414.9
47123.6 70986.1
58604.7 92498.6
4696.8 32844
98629.7 18637.7
3021.33 12308.1
99053.9 7437.36
137.333 56068.6
97933.9 40501.1
80050.1 51365.7
24872.6 78545.5
71062.3 24073
90948.2 68941.3
79909.7 31461.5
20963.2 5774.1
7361.06 27857.3
18781.1 45591.6
60866.1 31229.6
6225.78 31913.2
29908.1 68929.1
26273.4 31681.3
39689.3 30619.2
51130.7 36726
48741.1 6570.64
85802.8 33420.8
6112.86 39436
7803.58 93597.2
33771.8 67610.7
33628.3 89895.3
49787.9 88345
52601.7 88653.2
97998 18677.3
18729.2 23447.4
99725.3 82384.7
41193.9 2435.38
93191.3 979.644
64107.2 52592.5
76256.6 16992.7
76131.5 54011.7
18106.6 27561.3
40629.3 67366.6
55501 56514.2
86932 7632.68
39204.1 43067.7
53361.6 67262.8
46287.4 75215.9
22653.9 41865.3
23813.6 46015.8
40382.1 61586.4
79638.1 60805.1
56990.3 81237.2
85869.9 73558.8
84124.3 32367.9
10696.7 80446.8
5816.83 90374.5
44105.3 48750.3
35190.9 59749.1
33207.2 9268.47
57298.5 30646.7
92751.9 90313.4
48698.4 9854.43
6439.41 21402.6
14447.5 79302.3
84737.7 84893.3
33082.1 85219.9
94671.5 43467.5
50221.3 11111.8
27408.7 21842.1
11447.5 37641.5
19107.6 70607.6
75078.6 42515.3
90719.3 90478.2
95394.8 43595.7
22367 44993.4
17072.1 38242.7
27927.5 39835.8
71324.8 42118.6
45414.6 96856.6
14429.2 80480.4
8819.85 955.229
99295 35193.9
17020.2 47978.1
20615.3 488.296
65392 71639.1
24329.4 50657.7
55714.6 77736.7
21924.5 72768.3
50065.6 63701.3
262.459 67568
84237.2 51597.6
67552.7 71663.6
6387.52 12756.7
26050.6 4107.79
56492.8 12134.2
12176.9 90542.3
52238.5 50486.8
94610.4 67983
97006.1 32560.2
71034.9 23413.8
75524.2 39375
54136.8 69295.3
52867.2 32718.9
87496.6 9079.26
42381.1 70009.5
81954.4 95944.1
58195.7 57622
13153.5 37760.6
17899.1 20822.8
70815.1 51518.3
11084.3 18445.4
387.585 20252.1
99298.1 80379.7
27741.3 55678
63063.4 96069.2
7452.62 19559.3
61638.2 32108.5
85369.4 7052.83
21033.4 7061.98
16052.7 45036.2
16034.4 1614.43
25742.4 8633.69
61745 32230.6
61421.6 9024.32
80358.3 66399.1
16669.2 55656.6
58729.8 7605.21
74889.4 46006.7
62416.5 28156.4
60536.5 85998.1
21762.7 77980.9
38984.3 94225.9
55690.2 47523.4
55647.5 93063.1
48820.5 12900.2
54988.3 39838.9
47514.3 41355.6
70033.9 1168.86
90521 85219.9
23020.1 23566.4
39780.9 42478.7
27802.4 3466.9
27085.2 12064
34632.4 9814.75
82155.8 21973.3
7956.18 62291.3
57799 58394.1
77855.8 18326.4
17767.9 73921.9
55717.6 72066.4
2941.98 2993.87
54808.2 18317.2
41428.9 62691.1
6353.95 84713.3
18268.4 66997.3
11752.7 85122.2
70317.7 32679.2
21527.8 97515.8
21939.8 4886.01
81691.9 19324.3
27185.9 80599.4
38093.2 3521.84
33985.4 58043.2
39423.8 28418.8
36082 90237.1
29450.4 4443.49
28257.1 70726.6
69151.9 70928.1
30524.6 29706.7
79360.3 86037.8
96881 68605.6
44529.6 63048.2
74236.3 11243
68273 55980.1
27204.2 99780.3
21262.2 47801.1
94314.4 13437.3
72164.1 44291.5
91268.7 38279.4
42173.5 26673.2
26957 66020.7
73848.7 66203.8
47730.9 50102.2
54786.8 53743.1
75664.5 97122.1
86828.2 47553.9
56352.4 21707.8
41401.4 92330.7
81933 43040.3
91604.4 12680.4
4913.48 51051.4
61677.9 34135
8459.73 20508.4
84505.8 34812.5
48710.6 1077.3
7705.92 80889.3
34855.2 61455.1
39030.1 48960.8
62468.3 15759.8
71593.4 88473.2
65834.5 10263.4
79662.5 27292.7
4812.77 98602.3
25531.8 73580.1
51927.2 83565.8
68199.7 17056.8
95236.1 53657.6
14383.4 82845.5
22681.4 92468
2584.92 40937.5
3509.63 89043.9
60759.3 24485
32358.8 27344.6
28241.8 59968.9
51689.2 82958.5
82592.2 62443.9
18149.4 5102.69
61888.5 98919.6
28525.7 12195.2
23215.4 73033.8
70867 78933.1
27869.5 34168.5
16443.4 43165.4
93957.3 64067.5
18152.4 10580.8
6994.84 44129.8
30979.3 85399.9
29181.8 56511.1
20175.8 5124.06
97860.7 22107.6
72743.9 7574.69
53914 28611.1
77852.7 8221.69
90664.4 51704.5
91866.8 16028.3
63875.2 22550.1
53523.4 65889.5
53553.9 44709.6
64958.6 95773.2
18091.4 13574.6
4174.93 46757.4
31452.4 41489.9
84566.8 14001.9
43961.9 41639.5
27143.2 26847.1
57374.8 73876.2
61104.2 86126.3
54823.5 5554.37
18302 36832.8
76262.7 90563.7
37336.3 4269.54
80053.1 19617.3
42787 71797.8
81310.5 44987.3
15314.2 28299.8
7623.52 32755.5
18176.8 63512.1
62797.9 45732
95831.2 39329.2
39201 10168.8
10211.5 15192.1
69414.3 69399.1
30369 55742.1
57710.5 77477.3
40995.5 98773.2
82091.7 36024
85570.8 11706.9
7412.95 27341.5
9683.52 14655
317.392 46943.6
20169.7 98196.4
86495.6 88628.8
25708.8 14001.9
40992.5 85201.6
74471.3 66481.5
52134.8 58024.8
54472.5 83471.2
49720.8 78429.5
72264.8 94183.2
38087.1 94210.6
75539.4 92504.7
24674.2 24247
35319.1 13757.7
84759.1 74462.1
53355.5 3082.37
52894.7 78142.6
10315.3 3524.89
81786.6 13827.9
20447.4 41996.5
59129.6 3869.75
8297.98 41187.8
23117.8 46751.3
73125.4 35605.9
67171.2 86343
56636.2 19830.9
74590.3 71202.7
79674.7 7110.81
73671.7 7010.1
63466.3 26456.5
53999.5 55336.2
1074.25 36317
34467.6 81771.3
94662.3 82995.1
23691.5 6631.67
24198.1 81899.5
63426.6 61333
63264.9 49800.1
95632.8 3518.78
7507.55 66158
43760.5 94140.4
31458.5 91699
48982.2 89538.3
39268.2 22312.1
51854 51728.9
25016 6476.03
60185.6 29950.9
8233.89 4229.87
93603.3 16638.7
60237.4 15915.4
45539.7 30924.4
86883.1 58729.8
53224.3 32810.4
83431.5 19293.8
16278.6 21131
27079.1 60307.6
54609.8 18442.3
22830.9 9411.91
46150.1 95916.6
68306.5 8435.32
35129.9 41425.8
53096.1 51100.2
51481.7 23917.4
58360.5 87319.6
31977.3 57194.7
72212.9 22238.8
83782.5 16223.6
86556.6 88140.5
80990 9143.35
90987.9 17276.5
34800.3 58012.6
29416.8 93859.7
27967.2 91512.8
34980.3 13235.9
54109.3 2670.37
8902.25 26450.4
52528.5 74764.2
58961.8 98248.2
79186.4 28467.7
63094 56691.2
4406.87 93493.5
73870.1 62535.5
77993.1 57673.9
29389.3 76406.1
52305.7 96807.8
86257.5 51970
4040.65 38200
40235.6 33240.8
45204 61214
50248.7 84057.1
63994.3 87756
31302.8 27942.7
86199.5 66020.7
31995.6 26453.4
97717.2 466.933
62205.9 74098.9
18826.9 31223.5
86620.7 38001.6
70870.1 16037.5
49693.3 20423
25898 17886.9
47679.1 72234.3
79995.1 51377.9
13364.1 35514.4
40818.5 91055
29114.7 43376
70070.5 94747.8
33866.4 55119.5
71422.5 45109.4
39698.5 54887.5
64613.8 62398.1
23590.8 91906.5
36292.6 91705.1
9997.86 90459.9
8240 17709.9
9888 7718.13
13602.1 10113.8
31821.6 67537.5
21753.6 52839.7
30762.7 48356.6
2429.27 60155
10171.8 53331.1
69725.6 32850.1
43079.9 40821.6
96600.2 57557.9
27704.7 43339.3
40549.9 2368.24
43272.2 53108.3
70992.2 11865.6
21668.1 2352.98
39054.5 54704.4
524.918 16443.4
80385.8 26825.8
73378.7 67989.1
91564.7 63506
2511.67 10071.1
70790.7 63274
10150.5 16681.4
63469.3 76897.5
13562.4 8508.56
3259.38 64528.3
19763.8 92223.9
89318.5 74120.3
45393.2 91323.6
90231 44282.4
77416.3 96758.9
15387.4 84664.4
40287.5 15366.1
44340.3 36994.5
85165 44312.9
54771.6 69927.1
66823.3 49592.6
39768.7 10779.1
23892.9 76812
54939.4 67339.1
28052.6 72273.9
86059.1 42796.1
17761.8 42576.4
77837.5 97006.1
82226 30790.1
14444.4 57133.7
11148.4 37363.8
92440.6 30854.2
75972.8 63896.6
76677.8 25214.4
58122.5 7861.57
79860.8 24274.4
90026.6 86477.2
56361.6 28678.2
24378.2 17725.2
50901.8 10251.2
97415.1 36820.6
92773.2 84774.3
1696.83 76070.4
76149.8 56016.7
34162.4 86382.6
17194.1 34235.7
34907.1 28495.1
28534.8 82171.1
82506.8 12045.7
1739.56 91708.1
61323.9 10617.4
38441.1 44349.5
66579.2 30900
20691.5 58595.5
62703.3 64064.5
61244.5 77349.2
60634.2 97491.4
24304.9 98489.3
29706.7 14984.6
57426.7 1757.87
9726.25 63591.4
25165.6 75029.8
38853.1 15100.6
85128.3 93127.2
62941.4 473.037
97000 52311.8
41953.8 45179.6
5236.98 13571.6
19064.9 83672.6
86007.3 57780.7
68089.8 81078.5
98980.7 5948.06
84829.2 40241.7
34684.3 7602.16
38041.3 22248
97961.4 50471.5
45564.1 58534.5
18164.6 94576.9
91268.7 82750.9
26786.1 83861.8
48454.2 60451.1
93041.8 38505.2
25333.4 44776.8
58116.4 80990
98199.4 36222.4
58677.9 99111.9
47883.5 74660.5
80239.3 99011.2
65236.4 41666.9
31064.8 51396.2
41081 1388.59
77172.2 84014.4
6445.51 57954.6
29129.9 23560.3
38566.2 57637.3
21216.5 40144
98348.9 13876.8
73580.1 97378.5
14908.3 83257.5
78048 61275.1
82802.8 70607.6
98202.5 71083.7
87566.8 91311.4
24292.7 25113.7
25220.5 68974.9
73723.6 84777.4
31330.3 96581.9
77605.5 49867.2
85265.7 39222.4
44120.6 8301.03
5279.7 6585.89
39240.7 13370.2
45.7778 73274.9
75457 91650.1
92242.2 75103
49147 34727
79842.5 59508
17200.2 77828.3
50730.9 18167.7
53526.4 18463.7
16272.5 80004.3
76064.3 78276.9
79421.4 92608.4
84926.9 61149.9
3042.7 70329.9
2316.35 10736.4
94079.4 37043.4
54811.2 20548.1
69106.1 41795.1
88641 99667.3
17026.3 75417.3
58641.3 47270.1
24393.4 66225.2
81423.4 39094.2
79104 82992
93453.8 78887.3
18005.9 23212.4
4611.35 18051.7
34104.4 14886.9
87933 96591.1
8923.61 9891.05
96035.6 8429.21
85738.7 97079.4
44999.5 44328.1
49201.9 13214.5
56221.2 15393.5
27079.1 79921.9
96887.1 10449.5
79674.7 44694.4
9738.46 90261.5
92535.2 54164.3
72707.3 71837.5
38163.4 37690.4
79027.7 5883.97
22263.3 29456.5
78539.4 549.333
80184.3 7156.59
70702.2 94570.8
39176.6 75389.9
90011.3 32972.2
12131.1 71932.1
74413.3 48435.9
38346.5 24973.3
57365.6 1437.42
37006.7 39472.6
74150.8 82326.7
88992 40690.3
23050.6 28394.4
12601.1 53148
72081.7 59187.6
48902.9 42988.4
51793 83019.5
22208.3 1989.81
24881.7 77968.7
91430.4 1293.98
73168.1 369.274
57826.5 92968.5
92559.6 24002.8
44892.7 87554.6
36686.3 63039
15857.4 85735.6
99774.2 81914.7
44575.3 92211.7
79381.7 45265.1
5316.32 89925.8
9680.47 10983.6
97155.7 2761.93
5859.55 19602
68529.3 24884.8
10257.3 83062.2
57652.5 44743.2
80919.8 26041.4
14337.6 41972.1
13119.9 82946.3
18909.3 85256.5
34577.5 3665.27
63808.1 9289.83
64857.9 71279
13510.5 98983.7
79699.1 84774.3
8417 58980.1
70857.9 9936.83
28266.2 96704
42039.2 51536.6
80785.5 96963.4
31641.6 49916.1
31138 16306
2838.22 55128.6
37839.9 75225.1
91695.9 81731.6
10715 76314.6
53898.7 97375.4
56560 26569.4
772.118 48295.5
28150.3 91888.2
65150.9 74880.2
42149.1 61900.7
87759 20325.3
81624.8 53343.3
64748.1 85683.8
48747.2 29960
46968 34220.4
83297.2 67180.4
31632.4 98397.8
12637.7 39619.1
36991.5 92455.8
48750.3 59578.2
625.629 83831.3
97955.3 44630.3
92022.5 26465.7
98962.4 42432.9
79995.1 9155.55
54869.2 90902.4
45664.8 22061.8
74733.7 41850
81527.1 94531.1
90313.4 26249
67293.3 7287.82
63661.6 89184.2
63124.5 32236.7
51158.2 72682.9
10855.4 2832.12
39585.6 74529.3
83874 68340.1
19943.8 61149.9
76220 34916.2
14545.1 62755.2
71617.8 46812.3
23072 28815.6
82979.8 10672.3
3216.65 72017.6
3045.75 16177.9
51500 78823.2
56804.1 56059.5
99896.2 14761.8
96261.5 98666.3
93948.2 2560.5
28254 16217.5
67912.8 1260.41
15866.6 21817.7
82616.7 64433.7
44117.6 18396.6
41624.2 5612.35
90536.2 12674.3
51371.8 49107.3
91232 97323.5
40839.9 94256.4
43101.3 54374.8
6454.66 71300.4
32807.4 83092.7
97784.4 16992.7
33118.7 5322.43
9686.57 48036.1
57274.1 51573.2
96551.4 60515.2
11963.3 80819.1
74175.2 33411.7
39588.6 37281.4
25049.6 64391
90386.7 97198.4
72505.9 15860.5
15070 8783.23
39475.7 99606.3
18610.2 78475.3
57451.1 77922.9
65743 6576.74
41236.6 9567.55
78902.6 25479.9
95181.1 18503.4
19132.1 43495
66435.7 13629.6
90646.1 47511.2
10953.1 37644.6
59627.1 67574.1
87795.6 73094.9
27927.5 56462.3
47337.3 83794.7
52281.3 87472.2
29126.9 19733.3
49617 23459.6
34879.6 63560.9
79165 60332
92297.1 46812.3
41929.4 98028.5
75350.2 13983.6
88171 42201
96639.9 62593.5
73519.1 89697
37415.7 37308.9
54353.5 897.244
30951.9 6357.01
63054.3 12167.7
64854.9 98239.1
53764.5 91412.1
17929.6 26929.5
59291.4 89947.2
97265.5 83706.2
49760.4 93792.5
91116.1 23664.1
33652.8 27478.9
3247.17 25132
91854.6 13541.1
84353.2 50001.5
85317.5 40794.1
26136.1 83214.8
27018 44508.2
33753.5 79445.8
58772.5 51649.5
42176.6 95159.8
23545 94268.6
92138.4 34107.5
73925 44166.4
31247.9 84475.2
7339.7 72020.6
55983.2 75704.2
68651.4 83977.8
60054.3 33219.4
10770 38981.3
4895.17 59083.8
53892.6 99853.5
77828.3 16782.1
33994.6 21274.5
53544.7 48237.6
81225 27857.3
24543 1138.34
18781.1 85317.5
16126 94808.8
22937.7 17981.5
51606.8 2609.33
34836.9 75704.2
83315.5 79125.3
64622.9 3286.84
55067.6 10147.4
78643.1 15619.4
11706.9 13693.7
10229.8 31543.9
21323.3 70079.7
84780.4 69707.3
25797.3 9237.95
99673.5 59373.8
85314.5 33393.4
49748.2 69469.3
32404.6 3195.29
38877.5 8877.83
1226.84 65486.6
68309.6 1159.7
47639.4 50743.1
42390.2 86806.8
25714.9 18436.2
82308.4 56172.4
36359.8 78310.5
88436.5 66170.2
13577.7 65782.6
41987.4 43922.2
64113.3 99591.1
86501.7 30396.4
25977.4 99758.9
79851.7 67256.7
61601.6 94064.1
57408.4 79964.6
51136.8 91091.6
96945.1 60325.9
1623.58 48011.7
25907.2 1544.24
37550 11240
61729.8 88982.8
88540.3 58030.9
25739.3 99652.1
39680.2 17191.1
21375.2 13675.3
60213 97045.8
17221.6 90762
76152.8 98696.9
25614.2 14835
2468.95 42823.6
17325.4 59978
479.141 88042.8
63051.2 80764.2
76052.1 69002.3
42246.8 80150.8
84252.4 32334.4
9997.86 58024.8
56068.6 98590
62501.9 93536.2
12830 28244.9
91811.9 64345.2
83947.3 19986.6
70482.5 55919.1
93575.9 19290.7
56697.3 63988.2
31891.8 65517.1
60548.7 43275.2
76528.2 55586.4
62062.4 5658.13
79836.4 52403.3
21610.2 20883.8
87615.6 16113.8
73336 22888.9
4882.96 86333.8
42197.9 74993.1
74370.6 93499.6
75292.2 96926.8
83288.1 27430
28031.3 6949.06
64113.3 41258
95873.9 82125.3
4870.75 18805.5
32120.7 89846.5
34669 83590.2
42539.8 93835.3
9.15555 77544.5
97326.6 87640
97573.8 87606.4
51078.8 58803.1
79061.3 48240.6
11438.3 36826.7
93749.8 98126.2
46937.5 28049.6
84337.9 19003.9
74767.3 90560.6
1748.71 34934.5
19046.6 52272.1
54539.6 99984.7
80211.8 25293.7
58433.8 52543.7
6167.79 19718
1733.45 64366.6
5835.14 9930.72
92172 62456.1
95693.8 56602.7
784.326 51918.1
19953 37455.4
68556.8 17935.7
34995.6 89965.5
91314.4 34971.2
98699.9 19074.1
48606.8 61281.2
55250.7 73091.8
92153.7 46964.9
56114.4 40864.3
59462.3 33567.3
7754.75 73381.8
28299.8 73445.8
86724.4 82906.6
77593.3 46943.6
12768.9 22760.7
70378.7 5587.94
20596.9 927.763
24497.2 19364
20844.1 30546
86568.8 56209
90966.5 70448.9
74916.8 71883.3
86632.9 58861
7083.35 38288.5
14249.1 93411.1
77526.2 88409.1
55235.5 60509
1113.93 5972.47
82683.8 67326.9
88134.4 37965
61027.9 79372.5
66280.1 58107.2
69359.4 16916.4
15405.7 59459.2
38972.1 13296.9
30576.5 4229.87
45826.6 88262.6
79049 8954.13
48472.5 39494
66847.7 93121.1
12158.6 5417.04
80517 69432.7
9668.26 2414.01
19715 3772.09
39542.8 89584
86227 23044.5
52302.6 64159.1
45057.5 98950.2
25336.5 40723.9
23239.8 85906.6
77010.4 17343.7
61934.3 41172.5
60670.8 81719.4
87490.5 5331.58
29172.6 60518.2
17062.9 71251.6
10513.6 65001.4
64461.2 19626.5
85244.3 36039.3
61763.4 49293.5
6250.19 41697.4
62419.5 80333.9
51561 30460.5
41404.5 58220.2
50764.5 93267.6
58082.8 37006.7
75698.1 37434
97369.3 69786.7
36011.8 25647.8
54850.9 84478.3
70265.8 83095.8
81496.6 73094.9
73107.1 25891.9
53502 72618.8
49263 13940.9
83043.9 65599.5
34885.7 81307.4
35386.2 78606.5
76897.5 47251.8
68138.7 6643.88
10998.9 61098.1
58140.8 41697.4
28907.1 83950.3
31720.9 33460.5
75490.6 60506
63878.3 60478.5
66399.1 84002.2
62016.7 39689.3
66856.9 7449.57
99914.5 52644.4
22165.6 4315.32
17465.7 16391.5
80645.2 31678.2
51936.4 77263.7
99527 99127.2
16199.2 55580.3
74526.2 96386.6
89748.8 19525.7
83642.1 82885.2
37974.2 16205.3
85863.8 92367.3
25431.1 38044.4
65355.4 55647.5
38636.4 52705.5
61806.1 94668.4
84084.6 74575
77510.9 90972.6
77074.5 5993.84
1852.47 81707.2
86993 26322.2
43784.9 86303.3
54658.7 56996.4
12942.9 16925.6
47361.7 80681.8
40018.9 75869
67223.1 42649.6
77022.6 92938
78502.8 12512.6
68038 6060.98
69484.5 34427.9
31125.8 38145.1
14536 43903.9
41981.3 73345.1
52018.8 79351.2
59965.8 85906.6
43604.8 66441.8
87145.6 24622.3
30707.7 3500.47
988.8 6149.48
53566.1 25965.1
51286.4 20151.4
48689.2 78057.2
61977 99548.3
90203.6 69847.7
28470.7 58909.9
90813.9 47773.7
51109.3 54124.6
27918.3 56749.2
95391.7 66505.9
10589.9 22028.3
19550.2 64415.4
52952.7 28888.8
60194.7 45564.1
69661.5 28324.2
16516.6 13098.5
59071.6 46809.3
23816.6 88610.5
89724.4 28305.9
56868.2 15149.4
55772.6 86635.9
53813.3 53465.4
17001.9 96282.8
1174.96 24463.6
89004.2 99856.6
70668.7 1138.34
99206.5 60228.3
48310.8 3003.02
74337 35569.3
46647.5 96215.7
74962.6 5313.27
40510.3 52452.2
42704.6 25266.3
17105.6 69747
75795.8 39912.1
80959.5 8325.45
98577.8 30085.1
4336.68 44639.4
40556 24118.8
63872.2 96649.1
90679.6 50584.4
53874.3 23557.2
42390.2 60771.5
17075.1 53065.6
95184.2 99002
83346 39295.6
28180.8 48948.6
57072.7 4498.43
11426.1 34019
43778.8 67684
70510 3.05185
56633.2 13275.6
70107.1 58040.1
93453.8 2963.35
32108.5 16074.1
24860.4 83791.6
53968.9 76937.2
84200.6 95703
42814.4 31101.4
99789.4 31614.1
31046.5 22336.5
60255.7 53154.1
89007.2 14328.4
53437.9 15164.6
323.496 36375
69582.2 2172.92
15588.9 36341.4
9402.75 29834.9
49971 18952
87682.7 14597
40415.7 97567.7
72942.3 64622.9
28022.1 37528.6
53944.5 95135.3
81258.6 19290.7
73531.3 21292.8
25598.9 99356.1
20468.8 31754.5
95260.5 97186.2
19959.1 96005.1
72600.5 86263.6
13382.4 8594.01
30878.6 17307
67912.8 23450.4
45912 51918.1
6680.5 81319.6
92352.1 34629.4
27.4667 83507.8
90109 81600.4
8551.29 15042.6
16635.6 14038.5
18497.3 70366.5
50645.5 14447.5
60200.8 84701.1
62880.3 33869.4
50126.7 24182.9
19589.8 28235.7
47181.6 37943.7
14352.9 51915
63921 25205.2
93798.6 86648.2
23227.6 20539
92922.8 33930.5
1168.86 50428.8
45616 49021.9
46574.3 64241.5
85985.9 44663.8
18015.1 92730.5
6112.86 42643.5
28791.2 37202.1
85934 1361.13
40534.7 42500.1
60753.2 97482.2
96102.8 56852.9
42112.5 89794.6
32313 31803.3
57609.8 43473.6
63228.2 65288.2
25257.1 42759.5
74535.4 40998.6
28074 70290.2
19702.7 67171.2
4458.75 81112.1
58537.6 67894.5
20050.7 49589.5
28705.7 30109.6
36616.1 17258.2
90923.8 59379.9
43668.9 19794.3
38389.2 47566.1
68379.8 21204.3
11105.7 5569.63
29465.6 33359.8
5706.96 64223.2
50618 49034.1
21411.8 96450.7
99127.2 66515.1
32743.3 63890.5
65355.4 33951.8
29636.5 41004.7
48640.4 91564.7
15537 19892
65245.5 39793.1
4144.41 48869.3
44044.3 11618.4
5413.98 7962.28
25504.3 77028.7
41438 74465.2
29609.1 57893.6
82821.1 81624.8
8374.28 81292.2
46223.3 23645.7
48539.7 49446.1
43629.3 10089.4
40076.9 54387
24012 22827.8
76177.3 15457.6
98001 78646.2
259.407 67815.2
86184.3 50642.4
65718.6 80001.2
81679.7 51545.8
23957 28775.9
67568 32065.8
6399.73 9283.73
79845.6 97405.9
16037.5 8694.72
56514.2 95071.3
94210.6 21448.4
63426.6 77086.7
78164 34232.6
37492 89754.9
15091.4 58809.2
37934.5 94085.5
48231.5 40803.2
46144 69994.2
40644.6 22623.4
4800.56 7437.36
52342.3 88586.1
36881.6 37574.4
36326.2 70375.7
35181.7 7089.45
69240.4 41041.3
62953.6 48832.7
82161.9 75521.1
56309.7 51811.3
7272.56 5938.9
69023.7 83803.8
5935.85 49754.3
50309.8 69560.8
93850.5 38859.2
96261.5 77852.7
28907.1 27793.2
65529.3 20389.4
77376.6 9204.38
99899.3 15817.7
24005.9 14624.5
40363.8 21845.1
41728 28739.3
79332.9 88668.5
86538.3 95275.7
39594.7 36835.8
33195 42576.4
20682.4 12610.2
17386.4 7074.19
3210.55 24036.4
99932.9 82711.3
51884.5 10757.8
18714 74443.8
7730.34 50779.7
43913.1 84029.7
10251.2 57258.8
2175.97 6115.91
40040.3 68446.9
85390.8 62831.5
22571.5 83941.2
9607.23 54954.7
83718.4 50343.3
39838.9 57838.7
97671.4 49449.1
46241.6 40168.5
17859.4 92114
7419.05 33707.7
31498.2 70891.4
26398.5 32123.8
28409.7 74611.7
74926 47059.5
24704.7 17966.2
31702.6 99569.7
31992.6 89303.3
30225.5 74984
12714 69631
81774.3 19428.1
12234.9 26148.3
89245.3 6045.72
8310.19 33207.2
17432.2 49061.6
68593.4 24002.8
35386.2 93835.3
56712.5 26041.4
96420.2 61018.7
77687.9 83504.7
71507.9 72936.2
3146.46 19653.9
1571.7 40311.9
67125.5 42442.1
84368.4 37482.8
72933.1 46354.6
61546.7 44193.9
1831.11 13690.6
21564.4 82152.8
64058.4 68401.1
84011.4 24399.5
82879.1 85561.7
81017.5 5685.6
52256.8 9640.8
1358.07 11929.7
58806.1 84710.2
12888 76912.7
8587.91 49644.5
28901 64314.7
49461.3 1528.98
34064.8 63246.6
29517.5 80343
35575.4 75365.5
82317.6 78032.8
55092 21720
79482.4 25174.7
27149.3 47459.3
41303.8 58247.6
19629.5 52494.9
45985.3 20731.2
41923.3 26294.7
28141.1 1107.82
56416.5 14871.7
7168.8 60893.6
58928.2 98159.7
36155.3 55842.8
43705.6 5810.72
11887 3451.64
18631.6 49684.1
36625.3 99865.7
86239.2 949.126
72286.1 39292.6
56154.1 90139.5
77590.3 39164.4
4672.38 58113.3
68883.3 23990.6
46946.6 36164.4
95190.3 71199.7
37562.2 83330.8
68150.9 71977.9
65016.6 59056.4
37492 10287.8
55790.9 59349.3
52586.4 13177.9
53614.9 94525
817.896 75496.7
89535.2 36664.9
63292.3 12146.4
8450.58 14963.2
78576 41026
67708.4 87017.4
55055.4 49711.6
73390.9 64220.1
22571.5 49107.3
69927.1 19409.8
63921 67107.2
48655.7 54844.8
16864.5 85403
90951.3 58644.4
87286 72627.9
11536 27872.6
64079.7 16867.6
17645.8 86309.4
76455 10754.7
49589.5 75084.7
84225 92178.1
18430.1 44306.8
41731 93820
6329.54 23767.8
26035.3 4583.88
45231.5 881.985
69994.2 96105.8
39460.4 83990
90813.9 17337.6
47938.5 79116.2
54777.7 10528.9
91552.5 58351.4
68718.5 51545.8
1355.02 47950.7
38844 67760.2
73247.5 14273.5
87627.8 36591.7
44654.7 75716.4
69267.9 17856.4
58983.1 18738.4
74456 23007.9
33326.2 46122.6
65004.4 74428.5
95175 35572.4
28980.4 57878.4
3637.81 36799.2
96981.7 21250
20920.4 85204.6
10165.7 22714.9
49580.4 60292.4
80666.5 81423.4
1223.79 66930.1
35001.7 33860.3
12326.4 67592.4
81148.7 49006.6
72676.8 43687.2
89828.2 5377.36
82186.3 14142.3
30716.9 83156.8
1651.05 89309.4
54149 74434.6
13049.7 88363.3
58940.4 64775.5
55049.3 98297.1
36988.4 89190.3
49351.5 2649.01
35242.8 15640.7
83455.9 58079.8
25690.5 59209
65514.1 46913.1
23978.4 80059.2
16864.5 83797.7
47270.1 68318.7
17908.3 4574.72
52018.8 68993.2
72893.5 15533.9
42222.4 50032
9305.09 31092.3
88827.2 66710.4
77452.9 78121.3
50865.2 25409.7
65828.4 94973.6
39024 99929.8
97982.7 3372.3
12155.5 3473.01
26404.6 81286
47489.9 69438.8
89141.5 14868.6
75035.9 44084
44715.7 57680
16922.5 44264
51002.5 75212.9
22229.7 83333.8
3659.17 2908.41
37928.4 18295.8
99777.2 95800.7
6607.26 21436.2
42301.7 97833.2
31583.6 29425.9
50987.3 9079.26
99993.9 73131.5
95318.5 78933.1
4538.1 41193.9
15204.3 3335.67
54490.8 80547.5
44956.8 54341.3
16565.4 86932
6225.78 19925.5
76323.7 88616.6
85497.6 82351.1
60667.7 76390.9
61787.8 13071.1
12152.5 82961.5
180.059 12421
55626.1 64903.7
76772.4 72106.1
47914.1 90270.7
50697.3 88708.2
51106.3 85000.2
48893.7 6253.24
20136.1 41209.1
79110.1 16064.9
45213.2 40565.2
36924.3 91894.3
39780.9 95794.5
22312.1 88580
14587.8 63478.5
31388.3 82308.4
28556.2 31293.7
39002.7 80565.8
56975 32746.4
37757.5 79973.8
67760.2 92617.6
49110.4 85.4518
46299.6 56148
72164.1 71306.5
59593.5 5194.25
85766.2 4986.72
250.252 14374.2
69591.4 23944.8
1004.06 50392.2
59746.1 81389.8
60362.6 67671.7
4596.09 46498
70003.4 3372.3
36426.9 84707.2
84582 24979.4
24503.3 10824.9
24494.2 33509.3
25248 43177.6
52348.4 75569.9
95098.7 36793.1
13608.2 67262.8
81655.3 23868.5
82192.4 83190.4
58836.6 39545.9
1525.93 13574.6
21543 61192.7
61778.6 42704.6
5557.42 39265.1
3805.66 51768.5
48240.6 47920.2
90514.8 99240.1
55684.1 33445.2
36213.3 81923.9
91930.9 88705.1
34611 29804.4
55903.8 31650.7
76058.2 37778.9
61619.9 16089.4
94674.5 87459.9
87402 52784.8
35996.6 62120.4
9591.97 69029.8
85760.1 7937.86
86544.4 84850.6
50395.2 44660.8
8352.92 33900
29981.4 78792.7
78099.9 7226.78
74132.5 22449.4
40098.3 48020.9
61571.1 71031.8
20914.3 75432.6
93932.9 42750.3
98641.9 65660.6
44456.3 33268.2
66148.9 68370.6
52195.8 88436.5
3894.16 86568.8
2343.82 48356.6
27948.9 98123.1
83336.9 65868.1
28806.4 46971
61305.6 52531.5
66673.8 82201.6
62587.4 55311.7
38816.5 73104
4828.03 17044.6
84591.2 78316.6
67354.4 23801.4
43812.4 97216.7
41431.9 92318.5
34064.8 81640.1
51026.9 549.333
62578.2 36094.2
84710.2 14569.5
38291.6 84572.9
29306.9 14825.9
99755.9 32071.9
45933.4 74971.8
24463.6 99011.2
79049 96353
35279.4 56553.8
39121.7 51268
69512 41108.4
49577.3 38184.8
26358.8 76012.5
98611.4 1934.87
58272 78554.6
86516.9 22129
21900.1 80526.1
9143.35 22815.6
54219.2 40318
68120.4 6601.15
89486.4 74782.6
48445.1 66258.7
82647.2 88930.9
54106.3 77037.9
54808.2 31598.9
42301.7 22751.5
26386.3 55244.6
46964.9 58775.6
53630.2 7931.76
32129.9 65080.7
34006.8 35703.6
65816.2 92449.7
96243.2 23401.6
55067.6 54954.7
40501.1 52104.3
32709.7 71880.2
44413.6 1293.98
36539.8 12152.5
521.867 73860.9
71471.3 44465.5
836.207 72096.9
95355.1 46165.3
34052.6 2774.13
19022.2 74071.5
11096.5 39487.9
61253.7 50328.1
84630.9 20297.9
49211.1 66417.4
78106 8883.94
5020.29 58470.4
90038.8 97302.2
9137.24 56975
89071.3 78429.5
81041.9 64052.2
65517.1 66328.9
67992.2 61357.5
54939.4 92519.9
82381.7 1806.7
99462.9 56382.9
78368.5 88201.5
62361.5 57814.3
8368.18 91882.1
61632.1 90179.1
50096.1 14566.5
38120.7 21771.9
44679.1 46470.5
23841.1 43897.8
36585.6 23828.9
26120.8 13632.6
55900.8 38969.1
93182.2 69481.5
33628.3 6054.87
76809 47969
90618.6 35602.9
57701.3 79375.6
90746.8 20914.3
49144 90667.4
98992.9 89571.8
44627.2 93798.6
35007.8 23056.7
25043.5 87472.2
62834.6 97695.9
91067.2 50514.2
7364.12 49998.5
36347.5 54982.1
38193.9 19547.1
27192 77095.9
11475 72533.3
4257.33 34177.7
10419 59096
71974.9 25678.3
75032.8 7589.95
91296.1 6430.25
61754.2 8853.42
41355.6 70250.6
23593.9 93667.4
65755.2 72026.7
51402.3 56505
68974.9 66396.1
66908.8 28678.2
78667.6 91164.9
8114.87 54051.3
39356.7 73564.9
97747.7 70378.7
53230.4 87496.6
35267.2 49464.4
33619.2 39851.1
3222.75 99230.9
86788.5 14114.8
28421.9 80806.9
87685.8 49247.7
88634.9 43806.3
65260.8 82100.9
5429.24 32877.6
62968.8 31406.6
13776.1 68681.9
90112 51506.1
49000.5 56376.8
29593.8 33918.3
41782.9 24814.6
17795.3 84899.4
61766.4 49501
62093 57075.7
439.467 62453.1
11719.1 63353.4
33881.6 2127.14
47596.7 51121.6
56032 6503.49
6683.55 64983.1
23087.3 2432.33
6564.53 76043
99655.1 94442.6
85839.4 5951.11
47291.5 6033.51
25962.1 23807.5
46049.4 76690
70146.8 43989.4
89654.2 67632.1
4971.47 3152.56
44932.4 79516
20316.2 44401.4
16147.3 35157.3
13211.5 86840.4
4815.82 30420.9
51286.4 8590.96
5664.24 6402.78
61409.3 21420.9
29349.7 46025
59141.8 65077.7
92568.7 48170.4
84633.9 99502.5
66139.7 82470.2
60597.6 22998.7
21775 77904.6
37974.2 94518.9
68068.5 48295.5
44929.3 88149.7
16354.9 7840.21
4763.94 57988.2
67140.7 79839.5
38444.2 41465.5
57582.3 51646.5
17273.5 79284
60802 79122.3
81429.5 80074.5
77526.2 93548.4
89913.6 7901.24
10763.9 14249.1
17590.9 20777
64125.5 19989.6
64928.1 38224.4
54347.4 82287.1
96026.5 66100
78771.3 13760.8
70625.9 56773.6
28281.5 34659.9
85668.5 32767.7
86385.7 10647.9
92056 52003.5
5063.02 65044.1
2233.95 42762.5
97994.9 18561.4
54222.2 86538.3
41770.7 59749.1
47697.4 76805.9
25797.3 99188.2
17789.2 31949.8
41389.2 10620.4
62208.9 90389.7
50779.7 12122
87279.9 66039
26642.7 90426.3
88580 92294.1
2740.56 21521.7
31769.8 32566.3
26325.3 90731.5
49223.3 85595.3
52919.1 65227.2
18118.8 63548.7
74123.4 22315.1
35605.9 71181.4
19034.4 86422.3
56645.4 64009.5
19943.8 78051.1
10196.2 13776.1
82894.4 27753.5
59337.1 59245.6
53755.3 58284.2
20938.7 70452
20444.3 88003.2
10565.5 4596.09
41892.8 58742
28177.7 81634
44380 41187.8
50279.2 57716.6
75908.7 20914.3
44135.9 24631.5
59187.6 18234.8
69701.2 13321.3
33881.6 44944.6
84847.6 29645.7
28748.4 51109.3
19544.1 473.037
54268 65022.7
34626.3 58284.2
56416.5 79445.8
30713.8 42335.3
22202.2 87270.7
23011 44581.4
77575 19705.8
47502.1 78438.7
68346.2 90145.6
14227.7 98513.7
64738.9 96807.8
73290.2 49452.2
80205.7 87310.4
9125.03 72005.4
45115.5 38264.1
28763.7 44444.1
25962.1 53047.3
59642.3 87459.9
30695.5 30842
22608.1 10651
90813.9 10126
95764 28760.6
60829.5 39677.1
34714.8 25739.3
25772.9 80221
64952.5 94802.7
57292.4 89931.9
11868.6 32575.5
9024.32 96771.1
84133.4 15488.1
91872.9 10925.6
75985 36487.9
19742.4 80388.8
4120 30262.2
66457.1 42799.2
44773.7 65034.9
24408.7 76754.1
86587.1 29114.7
5594.04 5612.35
64970.9 90270.7
75661.5 56993.3
93499.6 56099.1
61580.2 31028.2
58027.9 13498.3
23596.9 80578
89095.7 75356.3
32038.3 56428.7
78319.7 12570.6
39634.4 20706.8
54316.8 99612.4
89993 81554.6
83849.6 51606.8
52800.1 52211.1
13770 81215.9
26444.3 87664.4
19443.3 53300.6
98596.1 1925.72
75188.5 65636.2
5462.81 19153.4
12463.8 33655.8
80294.2 61604.7
81359.3 7486.19
31748.4 27713.9
81008.3 99276.7
42790 63283.2
74608.6 49046.3
30716.9 78966.6
54606.8 7110.81
58925.1 17185
73732.7 61256.8
41077.9 21585.7
7437.36 86733.6
28293.7 12122
63457.1 47257.9
19916.4 18973.4
4016.24 25098.4
88607.4 78359.3
96398.8 8392.59
60264.9 43372.9
57414.5 13818.8
39494 13022.2
7498.4 72728.7
21176.8 32517.5
99948.1 58912.9
78835.4 67998.3
40998.6 86065.2
70326.9 8777.12
66380.8 53093.1
51597.6 292.978
89880.1 65450
39054.5 60789.8
89648.1 10510.6
11160.6 84960.5
47810.3 15210.4
89977.7 87606.4
9030.43 64033.9
93142.5 90463
73622.9 5453.66
97048.9 5325.48
90884.1 25009.9
1718.19 16577.7
68239.4 13080.2
38132.9 16254.2
61821.3 5526.9
8474.99 94787.4
64140.8 25312.1
100.711 40522.5
54429.8 3192.24
63707.4 51161.2
27320.2 5694.75
96398.8 10235.9
65468.3 48384
20267.3 31754.5
71730.7 22632.5
97112.9 26120.8
26566.4 14014.1
69890.4 90496.5
86233.1 40379
71575.1 76659.4
87438.6 87817
92013.3 39573.4
74065.4 72570
43415.6 19721.1
11578.7 7080.29
15109.7 62340.2
4776.15 98236
58162.2 26725.1
84466.1 55955.7
90524 88683.7
78704.2 40308.8
63298.4 89266.6
34263.1 25171.7
78777.4 32932.5
3894.16 6656.09
851.466 88253.4
65034.9 34348.6
48426.8 94247.3
85592.2 93578.9
12479 25556.2
2423.17 16730.2
87371.4 19492.2
28153.3 51832.6
57036 18149.4
51887.6 66460.2
26682.3 28656.9
49546.8 15143.3
40641.5 54744.1
69374.7 48353.5
76943.3 2710.04
8261.36 91235.1
59291.4 14929.7
44532.6 70159
77062.3 34028.1
42783.9 15311.1
53901.8 50828.6
96429.3 17316.2
55613.9 39252.9
23551.1 66124.5
77904.6 31214.3
81728.6 50236.5
4654.07 34705.6
17392.5 44428.8
77321.7 48167.4
15414.9 64052.2
66072.6 74263.7
64491.7 14053.8
83343 86214.8
3988.77 10892.1
30378.1 49760.4
67842.6 5377.36
17407.8 53959.8
91171 84652.2
48078.9 53865.2
95190.3 81368.4
8780.18 78246.4
16092.4 68245.5
53468.4 5487.23
93493.5 66081.7
24622.3 60768.5
84032.7 43379
970.489 37656.8
15872.7 35691.4
12579.7 97238.1
49577.3 62822.4
13971.4 47914.1
61079.7 72002.3
55861.1 58998.4
12356.9 85161.9
46147 11206.4
25415.8 78450.9
40803.2 37202.1
25229.7 72072.5
55272.1 55287.3
67226.2 58638.3
36967.1 49412.5
14996.8 48085
89577.9 98574.8
83819.1 57344.3
89706.1 8764.92
15601.1 22849.2
86559.6 50581.4
936.918 64033.9
25235.8 55616.9
13821.8 75905.6
84307.4 74782.6
74712.4 78878.1
68236.3 51658.7
7498.4 3930.78
45347.5 14004.9
6100.65 41264.1
71901.6 36579.5
76207.8 30533.8
92950.2 78334.9
67861 20828.9
60542.6 47199.9
64488.7 78502.8
59975 95489.4
43986.3 70955.5
84646.1 99115
77529.2 4559.47
50187.7 23712.9
81667.5 44782.9
88467.1 30820.6
89388.7 96661.3
12094.5 27182.8
55745.1 73754.1
90093.7 10382.4
63679.9 33723
25272.4 13873.7
45661.8 8597.06
74041 4547.26
86785.5 7919.55
99188.2 35972.2
24915.3 22861.4
96319.5 10406.8
13553.3 9433.27
84533.2 52751.2
63011.6 78930
2002.01 49519.3
25513.5 73717.5
97048.9 55970.9
39915.2 56517.2
55333.1 24555.2
1559.5 91268.7
53856 57756.3
73009.4 43717.8
82277.9 38459.4
1171.91 79888.3
22287.7 41007.7
56544.7 90490.4
25608.1 76052.1
60109.3 19455.5
81212.8 72277
13589.9 24695.6
12485.1 48204
98617.5 49192.8
94854.6 77153.8
60487.7 30594.8
34543.9 98464.9
42121.6 27408.7
99136.3 78173.2
83813 89886.2
40452.3 72194.6
54454.2 53798
494.4 95190.3
29813.5 85189.4
40998.6 48216.2
83529.2 54185.6
87228 8282.72
6375.32 66093.9
26682.3 32960
19556.3 27793.2
53294.5 83138.5
97473.1 77657.4
97769.1 17084.3
15002.4 .00345
34666 58931.2
90112 51420.6
6884.98 94644
21552.2 79680.8
58146.9 98736.5
13791.3 58934.3
14096.5 44700.5
78264.7 23798.3
2697.84 2401.81
92474.1 27756.6
54472.5 75487.5
27326.3 4864.65
73274.9 81954.4
8993.8 19986.6
18173.8 31037.3
80993.1 85589.2
87139.5 99472
82061.2 73274.9
43037.2 60329
5520.8 98181.1
72710.3 67491.7
55674.9 4327.52
19635.6 48924.2
66902.7 29105.5
80874.1 11883.9
1098.67 74941.3
8874.78 13113.8
89040.8 66362.5
8816.8 97265.5
31312 20502.3
72060.3 56550.8
24463.6 9234.9
36359.8 14859.5
27948.9 41013.8
13473.9 89388.7
37537.8 40571.3
74776.5 32923.4
80773.3 54600.7
35468.6 9939.88
149.541 61531.4
28122.8 9601.12
39606.9 13535
6024.35 48799.1
99935.9 88876
67079.7 68346.2
78804.9 82747.9
38837.9 75484.5
60948.5 14703.8
15262.3 35786
74193.5 80837.4
85903.5 67592.4
76903.6 28754.5
48054.4 42130.8
92535.2 83605.5
42579.4 42417.7
56846.8 3134.25
3942.99 84063.2
93469 90044.9
65184.5 51115.5
83376.6 39613
8340.71 50108.3
43974.1 50877.4
1055.94 35328.2
83343 79366.4
9906.31 8557.39
45320 59566
31141.1 46327.1
11041.6 75258.6
29395.4 57832.6
72521.1 5813.78
25071 26654.9
43940.5 26599.9
20960.1 39384.1
26279.5 91604.4
8740.5 54274.1
90853.6 76415.3
46000.5 13083.3
97454.8 9692.68
44383.1 49189.7
12659.1 71208.8
59483.6 95120.1
43998.5 84646.1
23145.2 42613
55510.1 83227
8758.81 58372.8
80431.5 76335.9
70180.4 8575.7
96523.9 95226.9
44920.2 95324.6
79769.3 45970
62212 58098.1
1977.6 47743.2
46592.6 43430.9
87997.1 84603.4
57609.8 95809.8
98056 48854
56291.4 73030.8
51008.6 4144.41
38987.4 39088.1
53984.2 46437
29239.8 37720.9
54075.7 90896.3
68260.8 99731.4
77794.7 62947.5
94692.8 87255.5
73781.5 21530.8
54228.3 28043.5
24497.2 92684.7
29764.7 42927.3
42481.8 41648.6
32660.9 19537.9
16788.2 61540.6
45774.7 35480.8
25266.3 6765.95
58870.2 84026.6
78261.7 49284.3
87051 5468.92
9402.75 85845.5
12790.3 77285.1
79094.8 74321.7
42271.2 66176.3
6289.86 27289.7
16553.2 95193.3
94268.6 40949.7
68297.4 28986.5
65916.9 87496.6
64577.2 30369
74266.8 49140.9
26484 91283.9
3805.66 21826.8
66118.4 91311.4
28269.3 66798.9
31531.7 86843.5
40479.8 38160.3
381.481 84041.9
19873.7 64522.2
12784.2 98721.3
53398.2 12884.9
84084.6 56245.6
75283.1 12872.7
88094.7 34635.5
41428.9 69432.7
51524.4 3906.37
4000.98 42146.1
50114.4 64879.3
1788.38 19272.4
47178.6 40461.4
32065.8 64629
65150.9 22681.4
19492.2 65446.9
30762.7 28424.9
47724.8 59361.6
84481.3 67131.6
69328.9 68578.1
94824.1 73534.3
59651.5 19422
68184.5 8532.98
30277.4 75377.7
94802.7 81395.9
67641.2 61677.9
21466.7 96328.6
12497.3 9677.42
91628.8 76622.8
45820.5 99044.8
43498 69460.1
96768.1 25931.6
6787.32 84478.3
38349.6 75267.8
88726.5 69289.2
86425.4 25244.9
89910.6 75008.4
67619.9 62184.5
40717.8 14963.2
71837.5 33866.4
98825 69686
54957.7 19473.9
98480.2 41319
7348.86 44233.5
92172 10556.4
53840.8 16946.9
75289.2 99270.6
738.548 18469.8
34446.2 91879
95584 19296.9
10019.2 18692.6
15161.6 54399.2
13608.2 54249.7
47544.8 33362.8
90978.7 33829.8
83617.7 14069
71141.7 41267.1
83846.6 17905.2
92211.7 71169.2
35877.6 14767.9
44624.2 18659
68550.7 55867.2
22364 99829.1
37980.3 82534.3
22837 55922.1
51381 89132.4
85985.9 44471.6
44145 68172.2
13306.1 70464.2
75923.9 15802.5
57362.6 60670.8
61241.5 25769.8
22412.8 34250.9
323.496 49968
66847.7 72811.1
25742.4 53721.7
47947.6 42942.6
30497.1 43943.6
99694.8 74486.5
93182.2 98229.9
84194.5 47529.5
65828.4 73073.5
7367.17 91372.4
40089.1 19324.3
39521.5 48478.7
57365.6 82964.6
31403.5 6634.72
78472.2 19388.4
66441.8 52372.8
78542.4 99273.7
39695.4 48814.4
82732.6 34168.5
4205.45 91052
8365.12 99960.3
75362.4 42207.1
29157.4 86281.9
33872.5 3250.22
27131 50056.5
18042.5 19769.9
47850 1236
45881.5 78750
24610.1 98934.9
57753.2 98513.7
87182.2 85964.5
20142.2 64992.2
20764.8 40070.8
81194.5 17362
90759 69805
18610.2 36249.9
98956.3 33307.9
70589.3 37589.6
86855.7 8041.63
90359.2 25260.2
51625.1 89632.9
15002.9 5673.39
90398.9 47926.3
89156.8 17349.8
38520.5 18421
34189.9 78707.2
17380.3 57161.2
3561.51 7089.45
57393.1 37223.4
14899.1 12271.5
11850.3 14948
99481.2 17432.2
27188.9 44019.9
59712.5 10849.3
85342 65495.8
75252.5 81356.2
83767.2 51985.2
48374.9 40702.5
68831.4 34015.9
29230.6 85992
88091.7 86767.2
11618.4 5246.13
77199.6 5267.49
39863.3 79284
46946.6 46229.4
17493.2 82982.9
86178.2 64552.8
58262.9 39115.6
46122.6 22739.3
70201.7 27839
21802.4 1236
13287.8 4956.21
96139.4 87923.8
21399.6 32105.5
62370.7 74773.4
29120.8 71999.3
90432.4 39930.4
94067.2 51799.1
52888.6 43202
55348.4 47804.2
76067.4 13202.3
18793.3 94552.4
32020 54182.6
9540.09 71437.7
36930.4 50743.1
82644.1 70021.7
71562.9 98501.5
32322.2 95114
89452.8 38871.4
90456.9 2764.98
28370 26075
54957.7 28327.3
90786.5 4495.38
38682.2 7635.73
8825.95 24503.3
79430.5 44514.3
59526.4 74889.4
1727.35 27674.2
45796.1 60039.1
71007.4 50169.4
8914.46 99929.8
30756.6 34495.1
88064.2 81130.4
63338.1 16495.3
92535.2 36887.7
65034.9 91180.2
2301.1 84438.6
76012.5 73558.8
62511.1 97683.6
55754.3 77672.7
87527.1 43336.3
44654.7 66899.6
40223.4 58656.6
2359.08 78661.5
2032.53 98938
63490.7 76699.1
99505.6 32822.7
1379.44 33976.3
2865.69 13608.2
40437 99407.9
62346.3 4651.02
7760.86 51475.6
97766 86990
64665.7 91891.2
7098.61 27323.2
8673.36 82436.6
9610.28 34489
86690.9 78066.3
89175.1 82497.6
9869.69 59450.1
53401.3 28327.3
10940.9 18042.5
74248.5 2572.71
34482.9 96810.8
25672.2 1040.68
854.518 39765.6
83974.7 55473.5
34382.2 53401.3
6479.08 11487.2
96432.4 33158.4
54167.3 91882.1
13980.5 58085.9
73842.6 73378.7
44328.1 6750.69
5526.9 55027.9
66570 97607.3
30677.2 46284.4
40437 6842.25
26825.8 52958.8
23154.4 66969.8
44291.5 89150.7
84948.3 99124.1
70622.9 93279.8
13770 82332.8
98300.1 76320.7
49952.7 12811.7
61452.1 80440.7
41322.1 56401.3
57091 76046
59495.8 47318.9
16550.2 75496.7
67897.6 36317
42780.8 91497.5
82174.1 41370.9
79036.8 18369.1
13608.2 4043.7
24671.2 64290.3
36198 4644.92
63621.9 12622.5
67925 39274.3
21195.1 40495
6982.63 11932.7
14819.8 72713.4
13473.9 44795.1
14365.1 99154.6
77230.1 59752.2
77645.2 33765.7
62407.3 34394.4
76744.9 43290.5
69475.4 85512.9
80810 23838
5188.15 83263.6
10876.8 53437.9
1205.48 49140.9
32435.1 98693.8
71962.6 40849
1263.47 3643.91
52421.6 77224
28257.1 39039.3
6344.8 6292.92
78798.8 39991.5
45698.4 69661.5
72322.8 10330.5
51783.8 66283.2
97729.4 21610.2
38795.1 68785.7
10190.1 85015.4
50358.6 95461.9
25101.5 24198.1
29709.8 91024.5
74645.2 27283.5
54133.7 19312.1
42732 6030.46
74269.8 21015
43882.6 40379
48963.9 39558.1
61641.3 36478.8
16199.2 68282.1
12234.9 76314.6
90841.4 22037.4
49015.8 87032.7
29709.8 86333.8
73366.5 8163.7
54710.5 47111.4
67662.6 84798.7
74565.9 54344.3
15952 64839.6
95809.8 22534.9
27945.8 28531.8
63673.8 21259.2
31928.5 28318.1
23477.9 58870.2
52278.2 67152.9
43153.2 12469.9
37153.2 93453.8
87511.8 7351.91
52024.9 40745.3
84917.8 98922.7
4626.61 90197.5
76961.6 60307.6
16995.8 84087.6
91750.8 28772.9
10199.3 68404.2
31485.9 14020.2
17383.3 92663.4
14890 21540
90768.2 45072.8
65172.3 94134.3
18207.3 51179.5
84099.9 24716.9
14969.3 14114.8
2850.43 43540.8
6286.81 24573.5
50242.6 32941.7
66411.3 18628.5
28946.8 72774.4
29679.3 11545.2
40372.9 69615.8
39341.4 85665.5
48786.9 72893.5
49638.4 60554.8
25309 31055.6
46882.5 23474.8
62443.9 90887.2
5066.07 48344.4
99707 93133.3
41706.6 81298.3
51048.3 67537.5
89468.1 20963.2
74636.1 80410.2
49263 71617.8
75637.1 37849.1
40400.4 97274.7
82668.5 97787.4
13458.7 54924.2
88461 93908.5
41438 34962
95446.6 24634.5
54887.5 86990
56825.5 10278.6
36603.9 59068.6
53773.6 71449.9
41508.2 28617.2
99417.1 31910.2
57347.3 52989.3
10171.8 98968.5
71858.9 17929.6
35120.7 24506.4
61980 12002.9
83986.9 99838.3
70763.3 5114.9
44377 87435.5
87630.8 59276.1
28934.6 42738.1
97528 49699.4
42967 29099.4
14703.8 24390.4
13211.5 79027.7
66646.3 80318.6
68379.8 4843.29
43842.9 84344
12051.8 11880.9
81005.3 16968.3
78618.7 17340.6
85354.2 67082.7
12808.6 27939.7
77584.2 55793.9
63533.4 79479.4
61183.5 17502.4
32538.8 91439.6
85662.4 16321.3
68651.4 39753.4
19370.1 25971.3
48075.8 854.518
97515.8 51268
31507.3 70155.9
60985.1 19348.7
38602.9 8044.68
51625.1 18759.7
30463.6 16571.6
79592.3 14490.2
40748.3 99896.2
28382.2 17136.1
46049.4 11664.2
13202.3 34272.3
16147.3 42445.1
58281.2 82192.4
34778.9 50270.1
8731.35 86108
31525.6 87542.3
42634.4 46955.8
15479 27280.5
98938 2951.14
51274.1 41975.2
86773.3 63951.5
68129.5 38044.4
91888.2 46830.7
42533.6 99124.1
45738.1 89953.3
45179.6 41245.8
72911.8 74849.7
92773.2 33082.1
82500.7 33271.3
95379.5 84313.5
19040.5 67708.4
39857.2 55320.9
38654.7 63506
103.763 91287
25983.5 20722.1
14636.7 33808.4
17621.4 83816
22199.2 13223.7
47560 97329.6
96020.4 74669.6
80361.3 65672.8
67287.2 41096.2
47654.7 45112.5
78551.6 66307.6
53556.9 46147
57600.6 81157.9
64684 74318.7
52491.8 86056.1
50340.3 87661.4
18320.3 92855.6
88543.4 98858.6
96398.8 69319.7
3476.06 250.252
76397 89211.7
50047.3 39838.9
82189.4 41209.1
11081.3 26349.7
71877.2 99716.2
22907.2 91576.9
92748.8 10693.7
94818 88030.6
81731.6 95715.2
38160.3 50099.2
51973 27225.6
70589.3 96786.4
56187.6 78304.4
11139.3 4177.98
67375.7 99893.2
31763.7 25788.1
67558.8 28721
80922.9 88839.4
85149.7 79042.9
44865.3 44666.9
71565.9 21228.7
62270 1367.23
57747.1 454.726
57771.5 16754.7
81164 98516.8
10101.6 79842.5
23966.2 91952.3
20423 58873.3
52885.5 9573.66
96447.6 44132.8
1522.87 42545.9
18036.4 63573.1
85650.2 10101.6
99871.8 99429.3
92129.3 34089.2
16785.2 83932
32099.4 25391.4
7461.78 2249.21
99063.1 35413.7
22028.3 80791.7
22434.2 75719.5
29264.2 88961.5
57271 58958.7
48985.3 32541.9
726.341 64223.2
25238.8 66789.8
75917.8 79921.9
5966.37 7376.32
73763.2 27323.2
44715.7 67339.1
93484.3 17899.1
90060.1 98071.2
72356.3 47578.4
78338 62605.7
45332.2 81026.6
95333.7 19217.5
25193 29102.5
22525.7 43498
43800.2 72612.7
33549 67040
45146 35444.2
56437.9 60847.8
70757.2 60289.3
67360.5 41605.9
28110.6 89977.7
31394.4 28919.3
82699.1 7641.83
56013.7 31638.5
64330 38789
72866 91445.7
28321.2 68370.6
13544.1 61754.2
62218.1 76082.6
94897.3 50117.5
78603.5 42896.8
79509.9 2227.85
84704.1 32050.5
27073 55623
69365.5 97537.2
2142.4 41279.3
98040.7 23282.6
53981.1 61149.9
56379.9 46122.6
34104.4 19821.8
33140 65648.4
67146.8 38398.4
82915.7 94152.7
40659.8 28727.1
59413.4 49681.1
29496.1 56111.3
59843.7 45423.7
20380.3 68605.6
71080.7 78478.3
52308.7 21070
58195.7 71181.4
38364.8 72051.1
86010.3 68089.8
84664.4 81634
14255.2 41755.4
71923 88424.3
57036 10406.8
15405.7 93728.4
47126.7 20694.6
68785.7 31107.5
95809.8 98562.6
87588.1 49388.1
88821.1 21424
17816.7 87286
9088.41 14789.3
25425 67754.1
26822.7 26364.9
32206.2 90188.3
47615 80864.9
73760.2 48594.6
59187.6 68593.4
45170.4 53871.3
67394 70949.4
49989.3 88317.5
62096 75963.6
18164.6 70482.5
3552.35 87005.2
8548.23 58494.8
69951.5 77764.2
61586.4 70015.6
56666.8 96679.6
17841.1 46873.4
67946.4 73857.8
67964.7 42594.7
91570.8 33701.6
49711.6 60887.5
97152.6 66304.5
57683 23221.5
48704.5 60762.4
81371.5 93673.5
72081.7 53526.4
37162.4 39054.5
67931.2 94915.6
9881.89 52595.6
10776.1 86928.9
69582.2 19159.5
24866.5 95455.8
79091.8 50248.7
77391.9 90047.9
58070.6 66795.9
79717.4 14319.3
19086.3 57988.2
37257 40192.9
41416.7 94161.8
38590.7 8981.6
98153.6 21930.6
24469.7 12591.9
2261.42 19669.2
27338.5 17828.9
87225 41474.7
21967.2 87023.5
87826.2 27716.9
77880.2 98059
36832.8 10327.5
54106.3 16946.9
43073.8 90942.1
27021.1 26068.9
66579.2 20001.8
91735.6 61177.4
56456.2 54988.3
27802.4 60359.5
67055.3 25846.1
69780.6 77993.1
18085.3 85787.5
73311.6 66902.7
14319.3 75554.7
17322.3 81783.5
90463 79302.3
33008.8 7046.72
96856.6 180.059
167.852 62205.9
91653.2 33802.3
1571.7 87914.7
55003.5 67656.5
75942.3 65807.1
91009.2 84640
60210 75264.7
32923.4 98809.8
61647.4 40174.6
17368.1 1492.36
50495.9 68916.9
43058.6 45872.4
13751.6 40574.4
79763.2 48155.2
60695.2 40617.1
43070.8 33503.2
20780.1 99087.5
601.215 4779.2
24588.8 34449.3
25302.9 62303.5
8359.02 56254.8
61406.3 52665.8
32810.4 29700.6
18738.4 74822.2
56831.6 55226.3
60976 21500.3
56675.9 66280.1
3439.44 84090.7
31308.9 98379.5
86123.2 99148.5
84493.5 32578.5
37510.3 64616.8
24262.2 66481.5
94860.7 3900.27
70409.3 15894
96548.4 5914.49
10593 317.392
12106.7 19248
95730.5 15295.9
25595.9 28522.6
15222.6 44843.9
37894.8 91146.6
42753.4 17020.2
3592.03 62501.9
93157.8 55806.1
68062.4 87774.3
81090.7 32371
20337.5 88470.1
22064.9 68907.7
27469.7 21811.6
66499.8 98101.7
65929.1 41102.3
7376.32 31421.9
15695.7 35193.9
52208 39301.7
32715.8 75170.1
99835.2 96362.2
65242.5 46388.1
12753.7 94805.7
29776.9 94021.4
25586.7 79094.8
12228.8 60148.9
80294.2 5056.92
9839.17 40629.3
28766.7 76503.8
79613.6 39787
93450.7 62529.4
8758.81 51091
26563.3 48609.9
72884.3 41935.5
58623 24588.8
97454.8 70644.2
76802.9 62730.8
88256.5 13818.8
23831.9 88906.5
46369.8 32187.9
58024.8 100.711
33390.3 53019.8
65041 31324.2
2429.27 97296.1
62068.5 25037.4
60588.4 29725
84978.8 6280.71
78487.5 59727.8
99139.4 16556.3
12494.3 71526.2
24466.7 9665.21
55278.2 11456.6
15390.5 62532.4
80300.3 10647.9
86272.8 4232.92
95876.9 71169.2
23011 16315.2
74443.8 93749.8
71391.9 7489.24
72640.2 75289.2
42790 15906.2
7824.95 54155.1
27921.4 42072.8
6677.45 31495.1
59202.9 65566
91494.5 46644.5
12366.1 48652.6
19788.2 34739.2
87987.9 79967.7
42863.2 44715.7
63466.3 61323.9
98925.7 45750.3
56215.1 90844.4
6408.89 332.652
88528.1 45487.8
73134.6 32053.6
94888.1 16116.8
86874 66222.1
62251.7 98248.2
3021.33 71498.8
43992.4 91549.4
94964.4 80602.4
38068.8 11301
82711.3 18256.2
70101 64867.1
5560.47 14478
71953.5 96331.7
54271.1 31348.6
96432.4 52424.7
28431 81395.9
58760.3 72884.3
34693.4 65663.6
45429.9 58320.9
91409 9698.78
81057.2 18778
55342.3 25455.5
93865.8 56062.5
36106.4 77324.7
70442.8 82992
13889 80385.8
40372.9 32688.4
26136.1 9024.32
81380.7 61034
38795.1 44007.7
85577 95416.1
67784.7 36167.5
77523.1 32862.3
66237.4 14813.7
24622.3 40778.8
43232.5 18991.7
30549 63258.8
29575.5 79729.6
52296.5 86278.9
56263.9 31366.9
31482.9 64720.6
61305.6 80138.6
80568.9 64503.9
90447.7 8066.04
14523.8 22846.2
7501.45 40388.2
68697.2 79802.9
79860.8 54527.4
93377.5 84246.3
54796 58827.5
65791.8 27381.2
92278.8 19119.8
10074.2 6909.39
69789.7 61293.4
65895.6 74990.1
24887.8 27915.3
96319.5 73113.2
51048.3 17145.3
75569.9 7022.31
12485.1 81945.2
47294.5 64796.9
93527 17783.1
93960.4 31193
48176.5 16962.2
8001.95 1461.84
65532.4 17645.8
5380.41 47648.5
16586.8 25733.2
72096.9 40574.4
98181.1 37745.3
84398.9 80623.8
39561.1 42771.7
93194.4 40421.8
87347 31669.1
13391.5 72576.1
34363.8 91616.6
8716.09 85543.4
8111.82 14102.6
12659.1 40830.7
84386.7 94598.2
76216.9 74587.2
41728 51847.9
82970.7 96722.3
22345.7 45109.4
22205.3 70723.6
15060.9 17319.3
60652.5 27225.6
25995.7 42365.8
3476.06 14523.8
52549.8 4593.04
85177.2 39109.5
26325.3 88668.5
80944.2 99368.3
40647.6 7892.09
79219.9 65569
28254 49168.4
5948.06 9295.94
4800.56 62620.9
41261 35364.8
43849 74144.7
19119.8 19446.4
98880 48866.2
50648.5 4470.96
38023 83758
61671.8 58922.1
7126.07 57426.7
85177.2 50209.1
86730.6 15314.2
99255.3 36173.6
58638.3 18317.2
51176.5 27893.9
47679.1 33045.4
58259.8 26908.2
54286.3 91796.6
26072 89971.6
43528.6 360.118
74678.8 24472.8
6195.26 21863.5
13483.1 67656.5
57600.6 14618.4
55397.2 52739
89681.7 52299.6
10788.3 15076.1
42069.8 4391.61
52049.3 41502.1
7705.92 5160.68
89205.6 15918.5
38679.2 89227
47334.2 64366.6
67842.6 21808.5
86364.3 52559
11932.7 1913.51
53843.8 39140
71709.3 66414.4
11398.7 37702.6
94811.9 73268.8
25397.5 90725.4
16934.7 91976.7
62523.3 8542.13
46958.8 79363.4
80861.8 76503.8
11615.3 68846.7
57094 83379.6
25400.6 51319.9
40479.8 74227.1
1254.31 75740.8
74199.7 80767.2
67741.9 47575.3
74712.4 32419.8
8230.84 53242.6
9744.56 1162.76
87862.8 88625.8
65547.7 83260.6
83739.7 19834
44016.8 71062.3
84136.5 54310.7
80340 17960.1
72243.4 50410.5
21765.8 49629.2
60115.4 43580.4
58134.7 24683.4
88442.6 17279.6
44789 97863.7
57753.2 96743.7
8496.35 88909.6
6707.97 93704
77007.4 10205.4
3085.42 80251.5
22843.1 56340.2
63060.4 19885.9
62031.9 8706.93
64461.2 33951.8
98266.5 58284.2
69588.3 31513.4
53264 99664.3
23215.4 80867.9
73854.8 99548.3
41428.9 50752.3
56453.1 92739.6
56892.6 99444.6
79540.4 8822.9
36210.2 39774.8
84786.5 82628.9
34943.7 58323.9
97412 51594.6
6002.99 16766.9
26456.5 93191.3
26929.5 13620.4
35541.9 5499.44
61787.8 34452.3
24756.6 84084.6
23224.6 68678.9
14325.4 98254.3
50383 21103.5
70641.2 19910.3
68218 96322.5
65306.6 8011.11
43922.2 84060.2
7812.74 1855.53
6018.25 23648.8
42490.9 26273.4
41792 75734.7
50303.7 61836.6
38654.7 79284
46195.9 83275.9
85094.8 22138.1
12537 19129
96792.5 3128.15
59361.6 35871.5
83593.2 13904.2
51933.3 99520.9
22901.1 18659
96386.6 17938.8
55165.3 59782.7
23954 16934.7
67015.6 67662.6
64461.2 53251.7
77773.4 2667.32
49711.6 17600
94879 7519.76
37379.1 30881.7
53886.5 98117
96029.5 86663.4
8676.41 70964.7
41889.7 43089.1
87463 55354.5
68022.7 17331.5
80251.5 88351.1
56495.9 85705.1
73384.8 40800.2
14178.9 42542.8
96768.1 72414.3
22812.6 21033.4
99420.1 44080.9
43940.5 29062.8
18955 65547.7
69377.7 3231.91
60670.8 6543.17
57771.5 34165.5
51783.8 49552.9
47972 66216
86532.2 12265.4
89739.7 24741.4
27683.3 17920.5
82479.3 74025.7
80141.6 41587.6
62605.7 58970.9
2233.95 10586.9
30173.7 33741.3
70329.9 87109
55381.9 30423.9
62382.9 11197.2
55583.4 70860.9
76076.5 32215.3
83434.6 74749
47132.8 6884.98
16794.3 67192.6
83465.1 92095.7
91033.7 38764.6
80758.1 10519.7
64296.4 61247.6
35132.9 17246
56456.2 12143.3
18497.3 45484.8
52287.4 11127
32227.5 59505
9546.19 21518.6
4770.04 92941.1
62535.5 19919.4
48857.1 543.229
61812.2 87148.7
43864.3 1580.86
40669 23581.7
59044.2 42909
48979.2 42042.3
83147.7 59923.1
45042.3 41340.4
76174.2 63509
86089.7 13608.2
8767.97 31040.4
8026.37 88570.8
4962.31 29657.9
35071.9 67796.9
53862.1 49855
9878.84 52192.8
5893.12 77575
84823.1 15723.1
19254.1 82888.3
65025.8 28574.5
72179.3 53401.3
43775.7 82842.5
6656.09 50529.5
20929.6 23896
19208.3 16721.1
44987.3 40543.8
64375.7 11810.7
69393 17062.9
86510.8 6573.69
63722.6 335.704
45521.4 11655
70397 85091.7
52192.8 69966.7
47511.2 70464.2
78695 90667.4
88427.4 90981.8
59910.9 52897.7
58748.1 75051.1
51210.1 57362.6
41300.7 34138
58305.6 53865.2
29758.6 35740.2
4779.2 22971.3
61500.9 63243.5
52964.9 39887.7
30381.2 15845.2
43733 98684.7
69991.1 51640.4
70885.3 25013
48045.3 26975.3
55708.5 55412.5
62556.8 35242.8
37397.4 11340.7
80349.1 98190.3
44862.2 46070.7
8624.53 12909.3
65654.5 92544.3
40131.8 7623.52
77565.8 90334.8
62602.6 9350.87
58555.9 19855.3
73067.4 76650.3
40617.1 21894
87691.9 500.504
23218.5 30625.3
87722.4 26493.1
11938.8 98248.2
92223.9 1419.11
97927.8 39307.8
98153.6 97399.8
43784.9 72933.1
78490.6 16681.4
91570.8 90981.8
78966.6 30243.8
58436.8 30323.2
4065.07 53270.1
35624.3 77367.5
32911.2 10705.9
56407.4 82879.1
55647.5 95959.3
48579.4 15347.8
70958.6 75884.3
37159.3 30909.1
35358.7 45204
12903.2 87991
4855.49 83446.8
32285.5 84844.5
59608.8 17548.1
64500.9 48030
52238.5 43272.2
51228.4 50001.5
70394 8496.35
94653.2 83925.9
54182.6 11590.9
39472.6 73848.7
59141.8 17911.3
64473.4 48347.4
5294.96 47624.1
49263 55769.5
3027.44 37907
31873.5 49208
96292 32718.9
22785.1 19327.4
13824.9 3225.81
91012.3 3167.82
69060.3 52003.5
87896.4 47044.3
99203.5 4159.67
24228.6 51664.8
84267.7 38511.3
66301.5 77639.1
36573.4 61903.7
66524.2 39405.5
1406.9 79830.3
94271.7 65819.3
59416.5 66466.3
82494.6 55409.4
71401.1 87243.3
55842.8 4538.1
56108.3 77068.4
55793.9 36503.2
41660.8 27365.9
28525.7 9756.77
81243.3 85009.3
91088.6 33347.6
73674.7 16290.8
41502.1 67711.4
79476.3 39082
28492.1 38944.7
73085.7 76235.2
46327.1 44679.1
21826.8 33448.3
70552.7 79668.6
32264.2 54649.5
128.178 59248.6
54542.7 58034
21665.1 68758.2
85396.9 5902.28
61326.9 17072.1
60387 11420
40067.8 22354.8
76046 35392.3
97824 8154.55
32496.1 76235.2
2252.27 38004.7
37247.8 6195.26
7702.87 66591.4
60701.3 57039.1
79955.4 35676.1
84081.5 8209.48
52449.1 92855.6
30344.6 80724.5
29572.4 61287.3
18744.5 89791.6
2630.7 38547.9
33628.3 59395.1
94152.7 52696.3
48139.9 51890.6
96124.1 53682.1
93420.2 15765.9
17816.7 68245.5
13937.8 4705.95
8795.43 96426.3
99594.1 71053.2
72740.9 77761.2
35175.6 86819.1
37727 5383.47
57863.1 95358.1
98577.8 16061.9
63319.8 46824.5
96896.3 34360.8
51094.1 20557.3
54432.8 99008.1
49848.9 87487.4
25391.4 49626.1
13144.3 15707.9
83312.5 1959.29
26328.3 72371.6
8124.03 89672.5
15189.1 24927.5
89071.3 860.622
97003.1 94985.8
9015.17 87484.4
64555.8 67775.5
25870.5 75698.1
43849 10425.1
16699.7 55320.9
16025.3 2157.66
131.23 76543.5
44181.6 29511.4
2743.61 31949.8
95703 49723.8
84991 52064.6
708.029 75426.5
92336.8 92449.7
37302.8 83727.5
47233.5 40553
84130.4 2856.53
47492.9 20432.1
31012.9 79451.9
86779.4 23407.7
88189.3 79650.3
62758.3 42851
84801.8 27079.1
88607.4 41187.8
97280.8 30921.4
73421.4 27243.9
98242.1 7086.4
87234.1 72100
66502.9 45732
76201.7 41499.1
48863.2 28141.1
43635.4 73030.8
14261.3 46198.9
62459.2 76125.4
90957.4 27481.9
34733.1 83056.1
27320.2 19159.5
63902.7 29013.9
66911.8 33814.5
55324 89452.8
78402.1 10290.8
10782.2 52717.7
31046.5 92712.2
32544.9 56227.3
56251.7 80773.3
2609.33 64195.7
85931 54481.6
52815.3 15115.8
8221.69 26401.6
91341.9 17087.3
31220.4 24582.7
1306.19 19110.7
95352 59260.8
77086.7 36491
24982.5 76497.7
13882.9 58470.4
59938.4 51832.6
16324.4 16208.4
57515.2 27124.9
41557.1 39237.6
5621.51 43662.8
42591.6 78527.2
37693.4 74687.9
27436.1 24256.1
89965.5 10483.1
99691.8 96472.1
91778.3 99099.7
96197.4 36680.2
29511.4 95873.9
87398.9 78582.1
74761.2 24869.5
56010.6 25998.7
17401.7 5365.15
19653.9 16174.8
94183.2 46488.8
13022.2 96548.4
53413.5 63133.6
