29660.9 27927.5
21439.3 44856.1
63820.3 25141.1
96160.8 97994.9
77132.5 95642
99902.3 57252.7
13840.1 2560.5
86419.3 38972.1
57805.1 26297.8
11285.7 66441.8
17117.8 73806
18585.8 78499.7
29264.2 81041.9
12167.7 76613.7
27384.3 61717.6
77086.7 88570.8
58299.5 5447.55
66860 76879.2
92928.9 78460
22214.4 70043
19702.7 29929.5
36841.9 44789
61641.3 57152
35883.7 37412.6
7626.58 32599.9
82735.7 12347.8
98632.8 46015.8
79787.6 66081.7
59398.2 64693.1
78743.9 94543.3
16278.6 65013.6
66124.5 2105.78
91842.4 38435
39610 80327.8
16818.8 24988.6
40803.2 34489
50120.5 77449.9
60078.7 86178.2
47422.7 9302.04
79128.4 29920.3
69057.3 29627.4
66826.4 72075.6
67769.4 17990.7
94024.5 30054.6
46964.9 42542.8
82940.2 20041.5
30130.9 74379.7
56721.7 11282.7
31968.1 1318.4
4849.39 75145.7
71950.4 94244.2
29969.2 6982.63
20844.1 29044.5
91799.7 49018.8
20914.3 17438.3
13736.4 92300.2
70339.1 49635.3
67784.7 85882.1
12537 2056.95
3415.02 31388.3
20996.7 13251.1
36014.9 91036.7
20230.7 81048
60521.3 87221.9
33494.1 84173.1
5865.66 21906.2
97894.2 81365.4
95898.3 93804.7
37470.6 91189.3
32325.2 41544.8
34977.3 5606.25
65419.5 90978.7
92843.4 40498.1
67961.7 34644.6
24076.1 76177.3
78200.6 21668.1
63646.4 91103.9
27353.7 86059.1
40998.6 41883.6
17291.8 91659.3
4351.94 92675.6
64070.6 21805.5
37345.5 47117.5
72881.3 91845.5
58714.6 85970.6
60100.1 12607.2
45588.5 63481.6
88006.2 83013.4
71068.5 65718.6
27823.7 39881.6
96652.1 83919.8
16742.5 43101.3
10187.1 5996.89
24454.5 24274.4
49980.2 79369.5
94930.9 76964.6
5600.15 48139.9
78997.2 16663.1
36137 17899.1
23352.8 88631.9
96414.1 51115.5
31687.4 51680
11856.4 46357.6
63454.1 16086.3
92638.9 4419.08
85979.8 63725.7
27643.7 34492
45533.6 28528.7
49034.1 3476.06
72954.5 65480.5
7843.26 81615.6
89458.9 86132.4
51426.7 87514.9
28305.9 88927.9
43214.2 85723.4
37864.3 62315.7
15530.9 39964
81783.5 88869.9
96014.3 75157.9
1846.37 28504.3
98297.1 51353.5
59141.8 8926.66
17575.6 2725.3
19180.9 1413.01
21704.8 44691.3
96600.2 10083.3
78383.7 2352.98
25019.1 52781.8
9134.19 63353.4
67787.7 61668.8
10654 8230.84
35087.1 81670.6
34165.5 21488.1
23200.2 94900.4
63414.4 36429.9
41395.3 49198.9
81914.7 16898.1
42167.4 18878.7
70076.6 29071.9
20432.1 75838.5
22855.3 6424.15
97277.7 99130.2
28516.5 60954.6
53889.6 1153.6
99166.8 43852
31348.6 98583.9
93658.3 8688.62
61830.5 6091.49
23529.8 80285
46888.6 81124.3
82543.4 82351.1
48429.8 97723.3
90493.5 27051.6
8026.37 77587.2
91912.6 19614.2
60148.9 56517.2
265.511 81087.7
54988.3 14279.6
28287.6 42393.3
56456.2 46122.6
95074.3 12817.8
31028.2 3991.82
50547.8 75988
93017.4 85610.5
7962.28 16568.5
21906.2 99523.9
25000.8 30713.8
17407.8 84255.5
24152.3 23441.3
7815.79 9683.52
92971.6 46052.4
77318.6 38786
54838.7 76705.2
27860.3 77825.3
50868.3 97290
41242.7 93176.1
23545 69695.1
56987.2 22840.1
42777.8 64647.4
31696.5 60872.2
64934.2 46189.8
95452.7 42695.4
65526.3 64946.4
70915.9 9601.12
36140 63319.8
70766.3 80431.5
86263.6 45716.7
39054.5 8609.27
40604.9 16940.8
52156.1 52684.1
72551.7 41868.3
44895.8 38428.9
64391 29538.9
77514 40705.6
34919.3 94808.8
9048.74 63152
25028.2 610.37
92840.4 43873.4
81969.7 34089.2
59660.6 65199.7
32828.8 19556.3
4217.66 95709.1
87929.9 21561.3
40598.8 42570.3
64711.4 41074.9
42249.8 42390.2
72753.1 57994.3
32187.9 68630
50547.8 23047.6
39011.8 83776.4
94677.6 52232.4
84377.6 14349.8
71968.7 26932.6
17514.6 76903.6
55314.8 52821.4
62471.4 33097.3
73714.4 80663.5
93652.2 2026.43
17230.8 42167.4
5313.27 7885.98
87441.6 4013.18
90649.1 91116.1
34015.9 93157.8
96011.2 61146.9
68068.5 96530
66026.8 18875.7
92870.9 88317.5
45103.3 26990.6
42591.6 87875
51042.2 56267
69667.7 1437.42
86309.4 85979.8
71419.4 50755.3
2658.16 86523
96557.5 41734.1
84695 62389
22196.1 76293.2
67980 83645.1
42014.8 60463.3
57384 83971.7
56141.9 11920.5
61211 53453.2
3451.64 20075.1
6784.26 4220.71
26862.4 61778.6
53117.5 37067.8
12259.3 25864.4
66258.7 87151.7
91689.8 49589.5
72969.8 76949.4
51414.5 20093.4
58345.3 54542.7
35508.3 44065.7
22998.7 45396.3
85543.4 38645.6
65459.2 95721.3
7077.24 46791
5356 35575.4
3497.42 30152.3
13092.4 39817.5
67873.2 42616
61552.8 15027.3
73451.9 37647.6
65523.2 90542.3
53398.2 12540.1
24427 41691.3
10449.5 42701.5
34009.8 23432.1
47022.9 9112.83
82589.2 42405.5
56514.2 72069.5
97500.5 45640.4
66310.6 94326.6
57371.7 53941.5
73210.9 66811.1
35831.8 18179.9
61842.7 39979.2
92297.1 26505.3
46717.7 13956.1
75441.8 40705.6
28544 90609.5
55009.6 89764.1
5417.04 40635.4
47553.9 98773.2
29526.7 88851.6
51750.2 81347.1
49977.1 70717.5
58906.8 73598.4
32398.4 63335.1
54295.5 37873.5
95910.5 43943.6
74932.1 14331.5
58104.2 79091.8
39411.6 48475.6
28666 97595.1
15466.8 72829.4
42246.8 50422.7
40815.5 70793.8
71214.9 10599.1
62968.8 897.244
8917.51 16299.9
13617.4 9497.36
64101.1 10196.2
83199.6 10083.3
57029.9 78264.7
11285.7 57319.9
58052.3 41071.8
58436.8 93923.8
59132.7 793.481
75093.8 98544.3
19034.4 96984.8
33182.8 12711
72756.1 74230.2
36063.7 75042
45841.9 14923.6
72362.4 40772.7
64229.3 40125.7
29441.2 14783.2
173.956 31751.5
32020 76223
45008.7 79171.1
21631.5 22843.1
49205 3326.52
42530.6 13226.7
20511.5 61561.9
49656.7 34931.5
20670.2 86166
4300.06 76787.6
51438.9 59907.8
73107.1 33393.4
70448.9 81560.7
95980.7 19980.5
27607 24607.1
38602.9 25739.3
62620.9 42234.6
95141.5 83748.9
54271.1 21744.4
56743.1 85650.2
62074.6 41486.9
11508.5 19144.3
50959.8 33484.9
91543.3 56495.9
39564.2 4818.87
32651.8 72112.2
62797.9 20957.1
62419.5 17355.9
89291.1 4086.43
82183.3 30738.2
84334.8 49650.6
58610.8 11529.9
58983.1 14133.1
90459.9 35038.3
95880 77303.4
66155 37553
92486.3 31937.6
77806.9 49198.9
12317.3 4281.75
7321.39 2713.1
84817 58244.6
50193.8 96362.2
44450.2 86507.8
92596.2 39063.7
49754.3 41712.7
7455.67 55879.4
72817.2 10791.3
85088.7 81951.4
99932.9 85561.7
63994.3 23078.1
34015.9 32776.9
77529.2 11005
39384.1 16693.6
81969.7 31540.9
19553.2 77306.4
81691.9 53685.1
68657.5 17355.9
17008 37849.1
87148.7 1300.09
30362.9 51277.2
2356.03 19263.3
76424.5 68865
84579 19183.9
91796.6 87411.1
99258.4 60249.6
89892.3 31492
85992 90740.7
96652.1 79076.5
4849.39 3399.76
92675.6 84945.2
40754.4 71517.1
77459 30143.1
6445.51 18707.8
21305 75499.7
34760.6 25724.1
20566.4 47376.9
735.496 27195
21817.7 33784
64272 1611.38
30610.1 18948.9
73882.3 7559.43
70421.5 34519.5
22238.8 69371.6
7431.26 55458.2
94085.5 65324.9
6720.18 18805.5
97137.4 21512.5
35569.3 93435.5
16666.2 64473.4
79418.3 78872
84286 35770.7
86187.3 61372.7
1651.05 21582.7
4504.53 5343.79
9677.42 482.192
31534.8 8236.95
43845.9 62477.5
35981.3 97033.6
66319.8 2487.26
71910.8 94476.1
15405.7 41355.6
49043.2 33152.3
63045.1 77517
75093.8 45539.7
20920.4 22446.4
35801.3 8142.34
85842.5 23068.9
28315.1 67900.6
64995.3 24134
13473.9 28891.9
71700.2 73827.3
2703.94 27561.3
32322.2 25611.1
45088 74517
94918.7 39530.6
30243.8 91076.4
80269.8 36011.8
72689 18634.6
65938.3 5365.15
93221.8 29059.7
43940.5 26053.7
63045.1 14120.9
42683.2 94869.8
26178.8 82216.9
53773.6 22177.8
65840.6 40379
54368.7 95306.3
30372 89837.3
65605.6 63200.8
84389.8 13095.5
37843 45558
723.289 80828.3
3247.17 19431.1
58833.6 56526.4
86416.2 86538.3
65273 27222.5
13586.8 74340
61848.8 38239.7
11172.8 74050.1
37125.8 60203.9
34128.8 68669.7
6839.2 66399.1
14828.9 54194.8
78917.8 48600.7
73110.1 7101.66
68654.4 49516.3
78029.7 1263.47
79757.1 39927.4
2044.74 27387.3
16779.1 18726.2
58186.6 18124.9
44685.2 63884.4
60835.6 31977.3
61049.2 12549.2
817.896 99108.9
96627.7 98376.4
75325.8 82186.3
9839.17 24158.5
63368.6 55406.4
90844.4 98025.5
87380.6 54805.1
40781.9 11136.2
51533.6 2957.24
41880.6 85201.6
97485.3 61265.9
83959.5 67760.2
68092.9 12845.2
63032.9 3515.73
19797.4 29267.3
17606.1 59736.9
74236.3 24173.7
18283.6 33857.2
49745.2 46928.3
76329.8 21497.2
63386.9 19470.8
86782.4 72893.5
44090.1 69414.3
71788.7 15958.1
47547.8 62581.3
39753.4 74089.8
13513.6 88085.6
25913.3 56773.6
56102.2 99044.8
29999.7 51225.3
27701.7 62132.6
16599 93099.8
47169.4 18994.7
93826.1 44416.6
32902 12732.3
35920.3 56880.4
31412.7 82549.5
65486.6 48625.1
82027.6 79668.6
60823.4 72600.5
8371.23 7693.72
4165.78 4663.23
77211.8 40482.8
36326.2 29541.9
15305 20691.5
33411.7 52739
24903.1 92120.1
71242.4 16571.6
88497.6 68947.4
93090.6 48435.9
3436.38 95049.9
46357.6 19388.4
37095.2 96417.1
3836.18 41258
43116.6 79928
35151.2 80297.3
29450.4 81490.5
44026 15625.5
18775 16733.3
36997.6 20468.8
91918.7 37385.2
39204.1 94409
54887.5 46397.3
22858.4 24710.8
20212.4 75035.9
64055.3 4919.58
43113.5 74956.5
93499.6 88741.7
3219.7 28486
56840.7 7455.67
72396 30176.7
50175.5 28922.4
59334.1 42777.8
46372.9 86294.1
71535.4 80724.5
77858.8 54576.3
85280.9 24338.5
91451.8 3207.5
64259.8 17770.9
40916.2 2697.84
17438.3 53883.5
32819.6 13504.4
36814.5 99157.7
91338.8 35264.1
5685.6 61787.8
57625 44511.2
18039.5 56028.9
89413.1 98974.6
99716.2 65996.3
76366.5 36610
71935.2 61970.9
36951.8 47511.2
47856.1 72402.1
12338.6 46748.3
2746.67 64659.6
22992.6 26337.5
8423.11 37739.2
3607.29 14447.5
72557.8 79986
81984.9 19928.6
73525.2 94979.7
17447.4 90340.9
31339.5 48716.7
64507 61558.9
5395.67 41209.1
77291.2 27152.3
59553.8 55616.9
20462.7 5551.32
85241.2 88042.8
2188.18 33249.9
23212.4 11108.7
94799.6 62059.4
74538.4 74483.5
58772.5 88638
41477.7 95391.7
35682.2 94323.6
88885.2 42341.4
25684.4 23477.9
66713.5 65099
15225.7 78429.5
84316.5 74108.1
70558.8 59111.3
77089.8 22428.1
62688.1 25595.9
56144.9 93353.1
39442.1 11566.5
81634 46794
10162.7 66921
50279.2 27613.1
58778.6 57576.2
37836.8 88958.4
50792 646.992
87044.9 33780.9
49845.9 63094
81707.2 27662
9472.95 1947.08
97534.1 86004.2
55705.4 74315.6
70366.5 88799.7
26056.7 95168.9
72414.3 26056.7
80666.5 71178.3
37116.6 27015
51048.3 88601.3
23267.3 76256.6
42231.5 83401
59022.8 69884.3
53807.2 71752.1
56413.5 14835
35554.1 68977.9
36988.4 24518.6
43266.1 75115.2
59233.4 13831
10391.6 55201.9
88341.9 46739.1
1120.03 92419.2
99014.3 39497.1
60551.8 42185.7
51896.7 72692
27533.8 65404.2
34254 15164.6
25849.2 68871.1
5548.27 12997.8
99340.8 31089.2
38514.4 46656.7
6570.64 41541.8
96353 9402.75
40748.3 31540.9
36722.9 10162.7
90408 24848.2
83083.6 53895.7
6555.38 86120.2
54030 2642.9
91918.7 95318.5
91326.6 70372.6
77831.4 26261.2
77108.1 54713.6
4486.22 57368.7
81057.2 58763.4
70128.5 92754.9
28000.7 6027.41
64772.5 21826.8
26715.9 1672.41
54191.7 95474.1
50441 43180.6
29657.9 46949.7
9790.34 33533.7
89165.9 35670
8682.52 91.5555
65706.4 41926.3
23883.8 72231.2
68269.9 90734.6
98831.1 20902.1
51115.5 32902
92303.2 13248.1
77034.8 61452.1
72655.4 85360.3
90166.9 91503.6
98126.2 86321.6
63994.3 81777.4
73946.3 96700.9
40183.7 25824.8
26795.3 74547.6
23868.5 91097.8
87313.5 32062.7
50984.2 33985.4
21182.9 96066.2
93310.3 68996.2
99536.1 55360.6
16827.9 20108.6
49177.5 48167.4
59053.3 32520.5
73375.7 92678.6
40879.5 72853.8
83748.9 13947
78670.6 95950.2
33915.2 70159
12143.3 6424.15
95547.3 31449.3
13727.2 93050.9
67384.9 14398.6
94949.2 64104.1
57954.6 25296.8
75533.3 61858
32474.7 15335.6
30857.3 84246.3
64693.1 839.259
83297.2 91927.9
84197.5 51646.5
53169.3 28794.2
59880.4 793.481
34867.4 34104.4
10168.8 78621.8
13827.9 74318.7
80614.6 24381.2
89916.7 72801.9
79488.5 78569.9
22907.2 65508
12048.7 8972.44
65648.4 60744
4022.34 73708.3
546.281 31193
54988.3 74227.1
45005.6 16248.1
12262.3 1541.18
41413.6 62868.1
5935.85 28721
97360.1 82989
35636.5 52772.6
91644 55702.4
49699.4 39115.6
11734.4 52253.8
7339.7 71669.7
38309.9 12042.6
64455.1 61769.5
42490.9 47715.7
73674.7 18970.3
11371.2 7461.78
39326.2 36899.9
67540.5 72707.3
17859.4 97277.7
98120.1 19238.9
4464.86 45210.1
59041.1 19968.3
96380.5 38929.4
70128.5 17392.5
73635.1 27036.3
66609.7 43928.3
87786.5 56419.6
22724.1 18195.1
99273.7 63982.1
13013.1 95455.8
54051.3 55256.8
26929.5 189.215
40092.2 23072
2389.6 19135.1
14389.5 9378.34
93914.6 82699.1
41132.8 63377.8
40928.4 13037.5
31577.5 99035.6
51939.5 66844.7
26358.8 5163.73
70091.9 50975.1
10782.2 11163.7
35837.9 39066.7
3735.47 61534.5
12305.1 67259.7
10901.2 2313.3
88946.2 37131.9
82799.8 32566.3
29172.6 3994.87
68382.8 24008.9
77553.6 78661.5
4730.37 61952.6
92175.1 20813.6
33545.9 10641.8
17868.6 52122.6
84960.5 56138.8
65858.9 67168.2
19425 29874.6
15472.9 70378.7
68205.8 65974.9
3567.61 17066
63097 95522.9
17264.3 86675.6
96087.5 30839
55626.1 66374.7
99484.2 42945.6
75917.8 73165.1
87188.3 85299.2
90041.8 92544.3
47715.7 66945.4
26822.7 61928.2
29627.4 28229.6
25714.9 76909.7
9933.77 22141.2
77571.9 48487.8
86156.8 54472.5
78142.6 89434.5
82631.9 85879.1
9863.58 57823.4
11716.1 48970
17615.3 35981.3
80480.4 83602.4
94012.3 72875.1
83538.3 43400.4
39930.4 68089.8
72649.3 76760.2
15842.2 25577.6
43690.3 35325.2
49583.4 55220.2
31641.6 13187
16193.1 50373.9
54197.8 69832.5
55479.6 19531.8
94634.8 40006.7
42844.9 210.578
64577.2 83663.4
79128.4 33158.4
37269.2 79003.3
14963.2 25080.1
91952.3 11868.6
75362.4 77947.3
60026.9 64519.2
85.4518 13019.2
13599 56944.5
65517.1 67751.1
87023.5 43858.1
3540.15 93633.8
72060.3 20468.8
83162.9 33176.7
77343.1 40165.4
70424.5 4098.64
92681.7 97244.2
32279.4 68865
48884.5 77810
33.5704 17700.7
13724.2 31937.6
57976 43235.6
14661.1 70290.2
72841.6 34827.7
28931.5 38227.5
29694.5 70778.5
31659.9 70622.9
89928.9 36497.1
42600.8 80437.6
36903 46794
62138.7 84225
24951.9 372.326
37162.4 17670.2
97308.3 44685.2
47474.6 44303.7
88598.3 79274.9
53276.2 10470.9
77550.6 75698.1
94491.4 49760.4
5514.69 42194.9
82384.7 89944.2
26416.8 11197.2
74272.9 65575.1
3793.45 77819.1
71800.9 89404
20532.9 67442.9
33509.3 85683.8
16907.3 60539.6
42289.5 38520.5
22577.6 52836.7
18317.2 58391.1
98159.7 78963.6
18152.4 19949.9
51976.1 77700.1
10565.5 74245.4
47648.5 26941.7
69783.6 88482.3
68108.2 26535.8
76702.2 16431.2
51710.6 57075.7
68767.4 52671.9
66011.5 92800.7
29087.2 73674.7
34882.7 96731.5
55449.1 18997.8
84582 76152.8
99826 15607.2
24350.7 26560.3
19016.1 98489.3
27274.4 42237.6
27076 30680.3
26899 21515.5
90078.4 75856.8
95324.6 44944.6
53914 26545
18366 54368.7
45728.9 41160.3
33417.8 11169.8
39613 92947.2
45606.9 61708.4
27149.3 83935.1
87926.9 88094.7
83517 27106.5
40928.4 72481.5
69667.7 49815.4
77593.3 52925.2
61336.1 21628.5
49055.5 98992.9
45344.4 59712.5
76738.8 85192.4
73998.2 14877.8
66582.2 90426.3
18045.6 91424.3
10962.2 1486.25
8957.18 3869.75
93923.8 48854
11032.4 23777
65358.4 52748.2
14044.6 19672.2
99768.1 7760.86
87023.5 43299.7
5197.3 84011.4
83770.3 65282.1
98028.5 73061.3
40781.9 13315.2
9152.5 56685.1
58168.3 16028.3
37296.7 26596.9
4199.35 5624.56
14978.5 33307.9
34122.7 82454.9
2807.7 92178.1
63860 94616.5
77739.8 24829.9
89196.4 35712.8
30875.6 64073.6
91128.3 13919.5
40488.9 360.118
17944.9 95452.7
35850.1 98049.9
84719.4 75560.8
17496.3 59440.9
80773.3 80217.9
49583.4 64867.1
25794.2 51567.1
89925.8 66811.1
65230.3 20319.2
73363.4 66313.7
45518.4 18143.3
14056.8 49675
59865.1 33256
42384.1 13699.8
5145.42 62294.4
41987.4 57469.4
40543.8 61577.2
2685.63 68895.5
88604.4 50959.8
54820.4 84115.1
69267.9 73284.1
625.629 47831.7
7562.49 62675.9
8383.43 52803.1
5520.8 24720
84807.9 86516.9
19019.1 81698
91430.4 63246.6
30088.2 85967.6
20542 69560.8
55375.8 54649.5
96334.7 1449.63
81374.6 28721
16824.9 21176.8
67009.5 9653
2298.04 11975.5
4251.23 76702.2
65749.1 58720.7
77361.4 37992.5
71062.3 32712.8
11374.2 18527.8
94491.4 8676.41
50505.1 38227.5
55092 92129.3
57011.6 83120.2
29737.2 85192.4
71236.3 22846.2
18298.9 69051.2
23371.1 77571.9
74672.7 31092.3
37638.5 87414.2
69237.3 14929.7
19437.2 87569.8
98394.7 21387.4
66170.2 42197.9
6790.37 38596.8
92284.9 40250.9
37885.7 29297.8
9231.85 6314.28
78411.2 53532.5
50917.1 29624.3
12469.9 54762.4
85271.8 64378.8
50785.9 87640
2597.13 4443.49
50767.5 15457.6
21314.1 85631.9
93060.1 55494.9
1663.26 18598
30121.8 308.237
8093.51 5581.84
72536.4 93136.4
10870.7 44007.7
28592.8 85519
67595.4 70162.1
62877.3 55296.5
75209.8 46015.8
89373.5 13058.9
33146.2 42347.5
64806.1 75206.8
8233.89 21274.5
97769.1 31720.9
41990.4 71315.7
39317 86828.2
90902.4 98138.4
70635.1 585.955
40369.9 24069.9
53370.8 9634.69
82888.3 99554.4
58336.1 55092
1101.72 79598.4
38099.3 95886.1
46412.5 68450
59196.8 35502.2
53660.7 85497.6
59511.1 40369.9
82595.3 55629.1
46464.4 77953.4
26737.3 77117.2
1687.67 52693.3
80239.3 70159
7739.49 67952.5
3347.88 59215.1
62511.1 92028.6
77199.6 92263.6
96963.4 56407.4
88393.8 50080.9
61821.3 64381.8
34183.8 48704.5
98828.1 38126.8
88729.5 88180.2
62166.2 82378.6
21106.6 50694.3
5761.89 92849.5
5758.84 1297.04
1977.6 87499.6
15887.9 94256.4
7388.53 88753.9
40519.4 38184.8
41282.4 34864.3
15802.5 23136.1
92446.7 48466.4
11227.8 62685
19904.2 40501.1
61302.5 54194.8
63261.8 77599.4
83397.9 10382.4
28171.6 91094.7
72338 65282.1
62706.4 55732.9
12381.4 7748.65
90109 16263.3
97198.4 45643.5
13644.8 89968.6
98480.2 53776.7
59151 23328.3
73827.3 8798.49
70885.3 30909.1
54496.9 64113.3
26343.6 94576.9
3665.27 67946.4
85634.9 51207
85833.3 77718.4
41047.4 47010.7
37965 73833.4
82451.9 86553.5
83053.1 25989.6
44132.8 54640.3
76625.9 15170.8
48701.4 39201
26963.1 64415.4
13693.7 33228.6
79516 81505.8
36503.2 43995.5
6210.52 66701.3
23245.9 87572.9
90307.3 88619.6
77199.6 96871.9
47331.2 81423.4
12433.2 21250
72805 66414.4
8282.72 45872.4
57344.3 51161.2
70226.1 8902.25
59767.4 9308.15
12869.7 44679.1
78832.4 94149.6
30622.3 30994.6
14236.9 89129.3
71654.4 68605.6
57509.1 48396.3
80858.8 71077.6
3378.4 30494.1
27338.5 93127.2
22312.1 78353.2
82110 75551.6
84789.6 48707.5
61616.9 34894.9
77962.6 44029.1
2691.73 75951.4
5334.64 50148
84603.4 55253.8
10058.9 32648.7
63765.4 73677.8
12494.3 95172
36802.3 26245.9
2652.06 52781.8
97540.2 87298.2
78157.9 23477.9
3552.35 59138.8
68318.7 90997
17963.2 62288.3
34974.2 42027
41984.3 95440.5
90731.5 30985.4
3955.2 43305.8
25174.7 75414.3
20459.6 60402.2
79760.1 35212.3
95086.5 8960.23
61906.8 78759.1
70555.7 79055.1
39033.2 89062.2
99777.2 69075.6
3048.8 13107.7
51478.6 54701.4
46015.8 7461.78
16019.2 24445.3
37550 83318.6
27048.6 9952.09
44596.7 4043.7
64574.1 89123.2
84252.4 38444.2
55137.8 90231
50160.2 22766.8
34662.9 75151.8
3219.7 34638.5
89629.8 29789.1
67159 32062.7
42188.8 39869.4
19577.6 60536.5
94863.7 80227.1
19205.3 81490.5
421.155 95651.1
59822.4 25135
72597.4 1501.51
91641 20850.2
3216.65 82168
650.044 8212.53
1449.63 15460.7
86617.6 81856.7
20706.8 1178.01
30311 73195.6
88879.1 21829.9
90670.5 22241.9
7513.66 13770
22403.6 42545.9
35590.7 76754.1
54799 32435.1
23441.3 137.333
22226.6 35676.1
12537 33793.1
87060.2 4669.33
66692.1 81850.6
45594.7 69316.7
50346.4 47453.2
57609.8 64653.5
19553.2 6595.05
90173 20419.9
41273.2 39194.9
16324.4 65675.8
6616.41 95489.4
59300.5 51545.8
53666.8 25949.9
22846.2 45283.4
65474.4 52784.8
98324.5 98748.7
58909.9 11136.2
89178.1 44395.3
29920.3 38184.8
43418.7 21970.3
70885.3 38175.6
34748.4 88955.4
25653.9 1590.01
82927.9 17944.9
97912.5 6506.55
54017.8 34067.8
78487.5 80358.3
31168.6 95565.7
7214.58 50105.3
96514.8 70647.3
35041.4 59074.7
14795.4 13788.3
1870.78 78487.5
59444 94543.3
95959.3 91830.2
71593.4 82024.6
10260.3 80242.3
92767.1 38187.8
61595.5 86962.5
61821.3 23020.1
88021.5 89034.7
16754.7 64754.2
90237.1 54341.3
92043.8 98266.5
32499.2 12131.1
52092 24759.7
68785.7 15131.1
51454.2 95864.7
9714.04 21408.7
62437.8 75249.5
95980.7 74053.2
60704.4 80941.2
93798.6 6866.66
9512.62 61397.1
78084.7 54142.9
33228.6 8517.72
18945.9 92654.2
20679.3 60676.9
37104.4 94030.6
49073.8 98925.7
43894.8 15570.5
69005.4 89486.4
31476.8 7699.82
41233.6 75664.5
28843 66103.1
65858.9 72286.1
89288 6756.8
94473.1 65819.3
24927.5 91915.6
65978 73259.7
53956.7 85189.4
56645.4 62947.5
76165 63878.3
85052 90426.3
42457.4 66631.1
62538.5 52452.2
33906.1 4589.98
29795.2 12305.1
16016.1 14145.3
70195.6 99499.5
83800.8 79390.9
40528.6 37043.4
63307.6 2462.84
9735.4 99380.5
85226 49855
46263 54066.6
96166.9 52778.7
44694.4 90426.3
23270.4 89840.4
32258.1 88201.5
57783.7 29984.4
45841.9 29380.2
73165.1 63979
20130 6329.54
43418.7 2459.79
77520.1 29306.9
77239.3 68715.5
60402.2 86541.3
33591.7 64330
96462.9 59965.8
34382.2 35792.1
37598.8 49745.2
39799.2 20221.6
63121.4 10705.9
1989.81 98297.1
87817 53828.5
62697.2 32551
65511 15866.6
10422.1 19150.4
28806.4 50297.6
62834.6 31263.2
55519.3 42655.7
89953.3 82149.7
2548.3 3415.02
43821.5 86120.2
97738.6 41547.9
10214.5 45457.3
30341.5 71840.6
48060.5 41447.2
30799.3 59169.3
32172.6 57631.2
80358.3 52766.5
64940.3 13415.9
41200 13690.6
72563.9 36146.1
47740.1 88567.8
51527.5 49800.1
49626.1 32731.1
80846.6 8389.54
47175.5 35938.6
65791.8 52238.5
9784.23 53718.7
28663 15198.2
17975.4 97531.1
12286.8 61009.6
19727.2 86809.9
11789.3 76857.8
41648.6 16092.4
369.274 2291.94
45689.3 40266.1
64592.4 21628.5
71977.9 31122.8
14899.1 97933.9
58403.3 8343.76
86962.5 76760.2
77605.5 97998
99432.4 37708.7
81939.1 21698.7
83800.8 21994.7
97109.9 69606.6
51933.3 14090.4
55024.9 60258.8
16943.9 5603.2
6573.69 40513.3
32984.4 19519.6
4876.86 28617.2
69634.1 22888.9
99685.7 53578.3
86471.1 6161.69
33533.7 93942.1
23456.5 57200.8
80285 69109.2
72795.8 8178.96
16669.2 86336.9
47813.3 83449.8
67467.3 96496.5
14584.8 26496.2
14938.8 61763.4
1852.47 34135
13150.4 88354.1
54890.6 76058.2
97796.6 27405.6
48945.6 27845.1
32157.4 97164.8
27878.7 95602.3
79827.3 29575.5
83620.7 60286.3
44792 94418.2
42054.5 19928.6
69563.9 4095.58
71022.7 57789.8
31910.2 52244.6
75951.4 14655
30842 89202.6
98870.8 93328.7
2511.67 87572.9
86333.8 73491.6
56599.6 912.503
41911.1 65034.9
73818.2 68746
28904.1 77996.2
55214.1 70943.3
38859.2 37214.3
63826.4 84688.9
91518.9 19852.3
49342.3 47077.9
81869 43867.3
96420.2 76528.2
39860.2 85625.8
87234.1 56074.7
18466.8 54695.3
18924.5 31742.3
75670.6 4034.55
66560.9 29044.5
66029.8 3619.5
32203.1 40803.2
7437.36 55711.5
70760.2 89355.1
38712.7 79809
33210.2 16309.1
33607 45475.6
17841.1 2993.87
86919.8 81164
70101 74639.1
38273.3 37086.1
21729.2 91509.8
49241.6 30372
9775.08 80074.5
99398.8 50526.4
66090.9 7336.65
16934.7 53398.2
17984.6 51451.2
9500.41 21744.4
90649.1 71746
10840.2 20505.4
51902.8 31305.9
8871.73 24945.8
90029.6 75200.7
70867 49775.7
65184.5 17505.4
31272.3 57344.3
25083.2 40250.9
57921.1 73113.2
25574.5 57393.1
62126.5 86425.4
46708.6 46943.6
68379.8 64778.6
44962.9 4422.13
9237.95 59712.5
32184.8 20685.4
61030.9 32386.2
21970.3 37311.9
85998.1 77044
33997.6 82656.3
96530 70433.7
97030.5 41673
7065.03 25330.4
41166.4 62685
89352.1 76305.4
19959.1 54152
96597.2 75817.1
53077.8 74648.3
72246.5 28800.3
30045.5 69078.6
8920.56 43855.1
65810.1 54359.6
73192.5 29142.1
48616 7596.06
61778.6 11163.7
70958.6 59959.7
4846.34 4486.22
84118.2 49314.9
81988 10599.1
66972.9 34803.3
66502.9 73958.6
49699.4 26435.1
63667.7 73418.4
82970.7 32856.2
58534.5 77135.5
93289 80407.1
38944.7 39042.3
15076.1 6579.79
9360.03 65096
40165.4 81054.1
61143.8 27329.3
75258.6 57332.1
14890 53920.1
48051.4 8227.79
491.348 73332.9
52623.1 48237.6
90481.3 40699.5
74672.7 95944.1
52336.2 24561.3
87289 79601.4
35380.1 82067.3
57850.9 39011.8
57829.5 769.066
56675.9 26789.1
9701.83 35193.9
8069.09 62196.7
37144.1 16193.1
74355.3 40614
23850.2 61330
13565.5 51835.7
35166.5 64333
1370.28 10232.9
40504.2 91796.6
57899.7 50004.6
79714.3 65215
70064.4 88543.4
89037.8 56511.1
50029 11133.2
52223.3 75154.9
20413.8 80047
92498.6 75008.4
66902.7 21164.6
70958.6 59028.9
48847.9 91283.9
7046.72 9945.98
8514.66 79189.4
86721.4 25034.3
69582.2 43675
73925 83126.3
65514.1 41575.4
91039.8 21958.1
88451.8 48957.8
83883.2 54011.7
99246.2 28632.5
36890.8 98941
89227 47044.3
54158.1 60731.8
34360.8 93731.5
71886.3 27735.2
32447.3 6424.15
17917.4 23618.3
63884.4 54954.7
83980.8 87493.5
66759.2 87057.1
26212.3 11200.3
66777.6 89233.1
59678.9 12006
52723.8 65758.2
62422.6 68727.7
38041.3 88992
54731.9 99490.3
99169.9 24091.3
69225.1 9189.12
31278.4 81283
77355.3 84835.4
11993.8 98767.1
88036.7 66829.4
13773 9433.27
83907.6 74385.8
55519.3 94509.7
10968.4 13153.5
34080 77184.4
87118.1 43195.9
26288.6 59474.5
45286.4 35456.4
2084.41 55324
76769.3 94802.7
39429.9 23130
90353.1 77828.3
81597.3 50837.7
52916 83480.3
27457.5 96649.1
27085.2 44679.1
95422.2 38551
71587.3 99023.4
51609.9 35776.8
19916.4 66744
42936.5 55253.8
2969.45 13989.7
25672.2 66264.8
31229.6 29606
30173.7 56361.6
2139.35 93496.5
52320.9 71724.6
48332.2 64714.5
12396.6 35038.3
92251.4 67445.9
71929.1 44038.2
22891.9 2890.1
49180.6 3848.38
60225.2 65331
23905.1 96240.1
22904.1 90353.1
71981 38898.9
64980 13473.9
20529.8 37907
97134.3 67223.1
64223.2 86468.1
58125.6 94808.8
33271.3 13058.9
52073.7 8548.23
53877.4 32148.2
17151.4 71129.5
91619.6 537.126
41395.3 27823.7
18530.8 32508.3
91152.7 67867.1
94406 76900.5
67906.7 42991.4
2975.55 9198.28
59010.6 21359.9
33640.6 41816.5
98001 4965.36
49278.2 5624.56
112.918 88613.5
30845.1 5951.11
88610.5 88653.2
39359.7 6064.03
77556.7 19553.2
85873 41361.7
26657.9 46452.2
50080.9 17319.3
33829.8 91814.9
38224.4 94384.6
81020.5 24292.7
20810.6 12857.4
99047.8 7986.69
40904 61018.7
66963.7 40128.8
33506.3 39448.2
11624.5 55400.3
46726.9 24836
23105.6 24967.2
5298.01 86300.2
51506.1 28370
7150.49 57356.5
878.933 26380.2
93566.7 16708.9
85842.5 12973.4
83614.6 80938.1
66472.4 74517
13498.3 62205.9
27207.3 34315
71349.2 94174
15271.5 10626.5
68205.8 79168.1
4309.21 66292.3
35721.9 59779.7
98849.5 78072.5
91271.7 67995.2
45185.7 3854.49
61052.3 54991.3
64375.7 75835.4
1831.11 54725.8
72890.4 97781.3
11948 84441.7
6604.21 74547.6
72176.3 35190.9
13727.2 51930.3
7132.18 55562
32309.9 95001.1
7791.38 81646.2
17935.7 83028.7
5764.95 16467.8
37244.8 49156.2
39970.1 11917.5
92892.2 42906
6283.76 56358.5
95587 43665.9
30872.5 21039.5
48814.4 3286.84
57722.7 68395
61897.6 45890.7
91106.9 75399
56978.1 3045.75
83529.2 75090.8
85586.1 12408.8
9808.65 69371.6
20398.6 57976
17920.5 16217.5
37833.8 80043.9
97228.9 44459.4
57054.4 33045.4
54695.3 99185.2
51078.8 19351.8
39787 70949.4
95571.8 77175.2
8554.34 11920.5
70949.4 50685.1
67677.8 92031.6
83443.7 20499.3
88946.2 98297.1
20719 22650.8
34928.4 30445.3
7718.13 34131.9
86373.5 95968.5
78276.9 53178.5
11987.7 57640.3
28223.5 52424.7
71248.5 36805.3
65547.7 32999.7
90807.8 25379.2
23239.8 57753.2
5197.3 9778.13
50477.6 91683.7
2398.75 59917
47734 27750.5
64903.7 86330.8
61476.5 26136.1
46940.5 18613.2
4040.65 45109.4
78426.5 8273.57
14355.9 91637.9
36332.3 9094.52
25074 69820.2
74031.8 38197
51808.2 55333.1
49290.4 70876.2
70033.9 73946.3
41520.4 72338
95339.8 12271.5
98913.5 19510.5
32596.8 38889.7
6064.03 15976.4
9729.3 63905.8
12765.9 53233.4
61638.2 15158.5
14517.7 21332.4
79989 59111.3
25455.5 22095.4
94415.1 44630.3
34263.1 87954.3
802.637 97708.1
83721.4 59611.8
2279.73 45313.9
64522.2 25598.9
78502.8 96462.9
63979 76891.4
48893.7 58626.1
60203.9 79647.2
45484.8 17624.4
2447.58 19284.6
60902.7 59141.8
68208.9 18955
87206.6 59926.1
37687.3 85534.2
11163.7 26874.6
76284.1 86294.1
81603.4 12094.5
65700.2 9384.44
14444.4 82036.8
74324.8 11191.1
51066.6 68886.4
7486.19 3759.88
35612 82296.2
28220.5 85366.4
26874.6 9582.81
89159.8 67384.9
10354.9 82555.6
66182.4 579.852
26172.7 39021
34476.8 53920.1
78380.7 57210
77559.7 49061.6
41398.4 91103.9
69960.6 3616.44
29102.5 84917.8
24170.7 86367.4
42252.9 94802.7
42451.2 37452.3
59868.2 95861.7
64149.9 56798
90154.7 2694.78
49186.7 13763.8
46647.5 81514.9
88250.4 81273.8
65172.3 81975.8
80398 47404.4
27234.7 66905.7
68678.9 7724.23
5502.49 67955.6
74364.5 91363.3
96966.5 45390.2
20438.2 23996.7
59416.5 80092.8
85003.2 80919.8
16898.1 75911.7
75142.7 33219.4
49699.4 503.555
61955.6 40287.5
34540.8 42762.5
67342.1 91717.3
50614.9 14981.5
43150.1 51747.2
17032.4 77864.9
33359.8 9381.39
77367.5 16507.5
59883.4 87286
96865.7 45509.2
22620.3 12582.8
88027.6 71269.9
54411.5 2737.51
30069.9 89657.3
21472.8 69542.5
98019.3 47169.4
10007 94439.5
66936.2 43672
89523 78231.1
7040.62 4858.55
93560.6 18341.6
35200 2603.23
8444.47 16751.6
38547.9 51237.5
10632.6 71688
35761.6 57957.7
43342.4 56254.8
91683.7 55461.3
73061.3 37113.6
50871.3 94937
16550.2 36295.7
5737.48 27488
79012.4 89324.6
64854.9 52232.4
93972.6 2746.67
37107.5 59059.4
5575.73 64207.9
97293 44282.4
83898.4 8178.96
48747.2 27243.9
13840.1 90493.5
48735 46034.1
48350.5 74761.2
12106.7 60435.8
66466.3 83880.1
58919 40205.1
26899 19638.7
21616.3 66869.1
57762.4 3683.58
77437.7 27060.8
73000.3 42835.8
21604.1 25650.8
56276.1 71984
46977.1 96673.5
2804.65 77636
45774.7 40260
59862.1 55247.7
98999 63676.9
56514.2 3476.06
69151.9 54567.1
63261.8 8481.09
61946.5 64558.9
72176.3 21350.7
72533.3 31354.7
38175.6 81878.1
81960.5 17404.7
72048.1 91680.7
19440.3 93328.7
25858.3 89935
56062.5 44169.4
61391 34708.7
45579.4 26633.5
42179.6 43122.7
77880.2 55436.9
39829.7 93408
60789.8 46870.3
95211.6 42005.7
95822 97708.1
25156.4 58845.8
63490.7 27610.1
15298.9 33887.8
83816 63130.6
89669.5 58098.1
67650.4 91415.1
97653.1 31955.9
24475.8 61800
8990.75 4623.55
42225.4 63344.2
57402.3 96920.7
4834.13 56498.9
23423 11169.8
63115.3 86977.8
97207.6 81151.8
24533.8 59984.1
11743.5 65147.9
77620.8 2923.67
87301.2 35325.2
16519.7 94729.5
77547.5 66524.2
81399 89858.7
58101.1 77562.8
80266.7 15210.4
48075.8 28226.6
7901.24 67992.2
5255.29 25058.7
27454.5 92666.4
85543.4 39027.1
30353.7 65144.8
7254.25 88253.4
40195.9 62352.4
10965.3 88918.7
76180.3 45216.2
55473.5 27430
41728 33320.1
40495 57023.8
53968.9 99224.8
96783.3 71895.5
79613.6 60683
34226.5 61986.1
92935 98809.8
88604.4 1590.01
21442.3 80367.4
57554.9 74846.6
94857.6 12259.3
66496.8 91259.5
63051.2 6396.68
54982.1 94439.5
98544.3 83022.6
24237.8 17056.8
49205 90649.1
36448.3 85287
56773.6 70714.4
6396.68 25721
6811.73 45109.4
76171.1 77996.2
25757.6 54646.4
13419 66188.5
90633.9 26661
23960.1 32129.9
67098 99832.1
19193.1 83755
41459.4 84334.8
29059.7 61613.8
62221.1 85509.8
1135.29 76696.1
56846.8 69078.6
76464.1 22623.4
39347.5 96148.6
82775.4 15430.2
74300.4 6015.2
35740.2 63972.9
12942.9 74977.9
88818 24146.2
66982 29227.6
22382.3 40003.7
35670 39988.4
12732.3 24936.7
51908.9 79000.2
71614.7 85982.8
62837.6 62462.2
96841.3 44453.3
10672.3 61604.7
24723 55977.1
29352.7 7971.43
24857.3 83047
22620.3 71553.7
27903.1 23267.3
39182.7 39909.1
27024.1 46388.1
10571.6 76372.6
43565.2 43223.4
67305.5 85497.6
97631.8 39637.4
99020.4 63856.9
74163 78695
74153.9 64302.5
25138.1 24066.9
84832.3 51847.9
98547.3 87905.5
32575.5 79256.6
34727 36201.1
20450.5 60496.8
20755.6 74846.6
67293.3 70168.2
43397.3 69463.2
9613.33 47022.9
31379.1 2157.66
6845.3 29734.2
27521.6 18314.2
15524.8 2984.71
81368.4 66536.5
48042.2 82067.3
2954.19 84896.4
81591.2 14047.7
68355.4 36597.8
32926.4 23700.7
17581.7 48167.4
64598.5 82244.3
35505.2 53303.6
38218.3 27103.5
56416.5 95544.3
80440.7 10739.5
82827.2 92815.9
77266.8 6711.02
59169.3 17041.5
62294.4 51106.3
91003.1 91915.6
14514.6 47422.7
50331.1 61928.2
31345.6 13077.2
57719.7 35871.5
92443.6 95623.6
81746.9 57835.6
79986 36820.6
46498 8859.52
71022.7 12698.8
87691.9 92428.4
67506.9 27701.7
48027 6814.78
79668.6 91067.2
52461.3 57530.4
28312 53550.8
53968.9 12857.4
81701.1 32657.9
90438.6 55769.5
92620.6 4422.13
43318 35163.4
51286.4 89971.6
38667 69719.5
19663.1 14874.7
81200.6 7358.01
62898.6 69554.7
61952.6 93536.2
43397.3 48716.7
30225.5 51414.5
93273.7 98052.9
70409.3 27100.4
30695.5 46284.4
74300.4 3030.49
35850.1 50688.2
49565.1 32657.9
52058.5 34211.2
54960.8 99539.2
27738.3 42313.9
2923.67 53965.9
64812.2 97683.6
20200.2 30274.4
89165.9 80898.5
7052.83 97921.7
8819.85 15207.4
85799.7 49485.8
75429.5 83553.6
79152.8 78713.3
14682.5 55891.6
9146.4 51710.6
41346.5 55055.4
57136.8 24454.5
24427 39176.6
75585.2 9677.42
18213.4 28849.1
92220.8 46336.3
24729.1 57139.8
97216.7 74697.1
3265.48 70577.1
53981.1 70250.6
92614.5 59239.5
24237.8 39527.6
61610.8 44077.9
47953.7 30939.7
53639.3 99584.9
68788.7 63805
40690.3 39921.3
45695.4 28644.7
52626.1 46693.3
41248.8 61906.8
97253.3 66402.2
27372.1 48225.3
36848 55775.6
99084.4 53346.4
36765.6 3073.21
36835.8 40824.6
51725.8 3488.27
8169.8 75670.6
65416.4 16763.8
49198.9 67995.2
49052.4 85198.5
16626.5 59846.8
54518.3 40076.9
50907.9 8334.6
7675.41 74752
41135.9 68153.9
17505.4 12411.9
32337.4 26648.8
66713.5 46736
65773.5 94570.8
99362.2 83495.6
92855.6 5566.58
71248.5 61259.8
53340.3 27662
78569.9 79369.5
58400.2 39698.5
30536.8 11197.2
69191.6 75994.1
81585.1 30936.6
11569.6 92266.6
88720.4 31968.1
17557.3 55986.2
9768.97 64955.6
34189.9 14249.1
8001.95 73799.9
90377.5 42332.2
78865.9 57557.9
62392 26026.2
64381.8 36484.9
28620.3 80883.2
70918.9 50276.2
54200.9 61510.1
55836.7 66670.7
96136.4 64024.8
98764 28544
69600.5 74794.8
23029.3 17590.9
65947.4 68593.4
82952.4 62727.7
63124.5 9289.83
82522 71358.4
19104.6 56236.5
41218.3 11621.4
88927.9 29371
72466.2 23722
56010.6 36329.2
90438.6 88494.5
18353.8 14505.4
10806.6 31324.2
20236.8 91354.1
61061.4 89562.7
70043 15906.2
66002.4 21485
34864.3 64784.7
24082.2 85049
52473.5 75670.6
40195.9 64442.9
51304.7 11493.3
30494.1 72664.6
19068 8401.75
64955.6 8145.39
10626.5 10626.5
63225.2 93655.2
35758.5 45393.2
9445.48 75502.8
17398.6 41004.7
1608.33 11276.6
61064.5 41215.2
1150.55 24143.2
25992.6 19000.8
98333.7 51863.2
38682.2 42896.8
59074.7 68703.3
39436 98956.3
68883.3 8285.78
2545.24 21546.1
39429.9 65569
20722.1 36030.2
93508.7 6015.2
94418.2 66496.8
93862.7 60161.1
16647.8 11639.8
31666 31611.1
93963.4 41950.7
40131.8 96685.7
94146.5 21311.1
48982.2 23743.4
61330 6115.91
45338.3 90408
89095.7 25086.2
56700.3 26715.9
92220.8 92843.4
21604.1 62416.5
67665.6 60414.4
63628 6466.87
85476.2 55775.6
34296.7 36887.7
143.437 17542
40604.9 29099.4
23154.4 74980.9
22708.8 851.466
47254.9 77398
97445.6 1889.1
63112.3 26093.3
33283.5 26459.5
58992.3 11981.6
72389.9 76805.9
44065.7 11969.4
65309.6 55748.2
85955.4 47279.3
34061.7 16513.6
3189.18 56804.1
29111.6 47898.8
3155.61 88616.6
95934.9 22910.2
6183.05 62782.7
16779.1 89016.4
46379 8569.6
43253.9 28119.8
89858.7 29224.5
85345 64388
60972.9 97369.3
72515 48033.1
17194.1 34226.5
52501 93243.2
63209.9 75753
43412.6 98291
44950.7 78789.6
4800.56 26026.2
14096.5 70397
43284.4 72829.4
3720.21 93472.1
18363 4165.78
5703.91 51777.7
64073.6 84884.2
90514.8 7519.76
92068.2 82332.8
60002.4 34580.5
91778.3 70497.8
73836.5 80532.2
93264.6 13202.3
40180.7 40583.5
8398.69 54554.9
11270.5 96560.6
15976.4 94735.6
74486.5 24036.4
6405.84 79274.9
79558.7 20780.1
51606.8 79924.9
92541.3 59575.2
15686.5 95248.3
17157.5 18628.5
72130.5 49073.8
74169.1 92596.2
42985.3 14932.7
79348.1 37434
25803.4 44563.1
10739.5 52147
23868.5 28690.5
5789.36 50566.1
45378 68111.2
78985 26322.2
87188.3 83288.1
613.422 64070.6
68779.6 40528.6
27320.2 155.644
32007.8 22907.2
24988.6 85811.9
72335 24008.9
74691 56004.5
17084.3 92687.8
2209.54 57109.3
16455.6 6878.87
21881.8 36445.2
62801 4705.95
35267.2 46894.7
3863.64 50865.2
75365.5 69661.5
65627 66527.3
36933.5 8325.45
50276.2 848.415
83605.5 57332.1
25071 72188.5
72335 97961.4
67604.6 57167.3
85906.6 25028.2
83144.6 55739
14029.4 57353.4
59678.9 10330.5
73732.7 35105.4
76290.2 7238.99
9591.97 57243.6
30433.1 38334.3
64531.4 62080.8
99856.6 51289.4
61687.1 4162.72
4617.45 66383.9
88079.5 30539.9
85042.9 88036.7
20642.7 9588.92
60997.3 89193.4
85284 15512.6
88354.1 96691.8
89541.3 21588.8
78057.2 55726.8
19531.8 5377.36
93557.5 1544.24
41776.8 18942.8
92196.4 16480
512.711 27243.9
26123.8 485.244
51164.3 67812.1
68453 33243.8
20548.1 34843
80199.6 56019.8
34489 40849
83687.9 51359.6
3408.92 58925.1
58034 48768.6
6592 98864.7
22290.7 34492
65660.6 20136.1
21955 93508.7
47959.8 34949.8
84389.8 61894.6
90469.1 4428.24
58821.4 17661.1
84792.6 81130.4
6549.27 88180.2
13953.1 933.866
56956.7 2334.67
81572.9 77498.7
94979.7 65569
24005.9 2359.08
95623.6 85830.3
46174.5 3848.38
71221 28684.3
71608.6 67888.4
46958.8 29633.5
47404.4 73842.6
30381.2 41782.9
94668.4 48545.8
90447.7 46977.1
45103.3 91610.5
11801.5 8548.23
54353.5 75124.4
39854.1 93810.8
32721.9 70931.1
82293.2 44346.4
83913.7 8539.08
82693 22345.7
92388.7 16846.2
31803.3 10983.6
50001.5 52751.2
32163.5 97064.1
62495.8 69820.2
81658.4 13986.6
26517.5 30124.8
91631.8 73223.1
17774 12356.9
5233.92 62355.4
80929 19348.7
31547 37882.6
61885.4 38163.4
61183.5 90841.4
73091.8 55809.2
78930 13422
32465.6 83779.4
39118.6 44700.5
66585.3 94482.3
19293.8 23548.1
18744.5 22714.9
17832 26963.1
52546.8 35325.2
11127 21811.6
91601.3 22107.6
35987.4 8212.53
85992 11175.9
12826.9 82628.9
46134.8 61839.7
75328.8 98828.1
34632.4 38135.9
22156.4 54789.9
56764.4 16190.1
56379.9 83761.1
40232.6 28452.4
28199.1 77480.4
44795.1 97988.8
46647.5 19803.5
92410 65926.1
75823.2 58790.9
58494.8 65224.2
81337.9 95364.2
14972.4 43794.1
42603.8 16742.5
65675.8 90221.9
96533.1 52699.4
64757.2 65114.3
28312 82796.7
58769.5 91256.4
74913.8 72719.5
42942.6 5664.24
56856 67857.9
72408.2 26703.7
3967.41 22220.5
18881.8 39338.4
90713.2 90820
13504.4 51689.2
46672 63676.9
66438.8 26010.9
57908.9 69548.6
3827.02 37202.1
24713.9 27488
12802.5 61964.8
91470.1 74419.4
35078 51774.7
14182 46757.4
99835.2 92751.9
81356.2 44325.1
36466.6 5578.78
53779.7 54545.7
57869.2 88592.2
38929.4 65190.6
54802.1 57112.3
65520.2 43647.6
92068.2 82274.8
73909.7 10986.7
47047.3 82305.4
87933 88845.5
81240.3 69533.4
83816 47264
85430.5 6164.74
21768.9 31684.3
89156.8 71953.5
55925.2 97134.3
74990.1 96942
88201.5 27744.4
88396.9 62343.2
81731.6 69814.1
83675.6 22733.2
99523.9 56389
96673.5 52638.3
83889.3 51637.3
84908.6 70662.6
42362.7 93035.7
25647.8 44288.5
55668.8 59553.8
12677.4 28479.9
73381.8 43931.4
42277.3 41151.2
12915.4 57170.3
29111.6 28736.2
27463.6 43406.5
42622.2 24875.6
58497.9 33234.7
4541.15 55409.4
38450.3 13647.9
38187.8 92797.6
59257.8 42689.3
10104.7 13040.6
72307.5 86965.5
54756.3 58327
35471.7 10147.4
22803.4 58388
72847.7 90548.4
43699.5 13846.2
62797.9 95944.1
43095.2 94552.4
19940.8 93737.6
5816.83 56096.1
86730.6 24619.3
24951.9 27625.4
198.37 17792.3
27671.1 74062.3
49552.9 75966.7
18469.8 85842.5
90188.3 8157.6
30396.4 99365.2
29792.2 38517.4
24915.3 1190.22
52131.7 69219
31040.4 19165.6
94174 25583.7
64326.9 53587.5
42118.6 61577.2
16394.5 51539.7
62062.4 53752.3
55574.2 77495.7
30790.1 61818.3
29310 83370.5
82436.6 83913.7
8948.03 31070.9
36561.2 84762.1
67537.5 70751.1
23322.2 24768.8
31244.9 27808.5
71315.7 68248.5
95052.9 1855.53
73760.2 98858.6
43321 30674.2
98608.4 20389.4
65874.2 22357.9
58244.6 71053.2
10196.2 8749.66
4367.2 29337.4
60411.4 23288.7
63692.1 39603.9
83620.7 56379.9
80105 35551
34269.2 91451.8
78881.2 89629.8
57145.9 74791.7
18604.1 66570
79604.5 22299.9
46412.5 9140.29
33716.8 16266.4
22150.3 34257
98916.6 95339.8
27161.5 67561.9
5743.58 90755.9
23203.2 94598.2
91412.1 12002.9
77233.2 56733.9
47679.1 35026.1
17615.3 69927.1
51811.3 96063.1
37406.5 94451.7
21097.4 44309.8
10336.6 33732.1
81691.9 56492.8
35099.3 90447.7
92275.8 66441.8
73613.7 57896.7
13290.8 12884.9
98818.9 74938.2
62257.8 58488.7
17691.6 22461.6
45866.3 83330.8
85094.8 89626.8
9454.63 5902.28
74025.7 87914.7
94500.6 34803.3
17969.3 41206.1
44712.7 4162.72
90966.5 29926.5
51435.9 96063.1
40925.3 17404.7
78884.2 2902.31
41981.3 36640.5
59907.8 33030.2
81337.9 65477.5
2905.36 12564.5
46354.6 68431.7
463.881 86706.1
27439.2 33219.4
80401 73534.3
2380.44 80159.9
89803.8 73519.1
17764.8 72505.9
52720.7 87777.3
33072.9 5948.06
92089.6 48255.9
43110.4 5279.7
56553.8 12982.6
44370.9 6454.66
42793.1 29435.1
60982.1 52092
53987.2 19220.6
95837.3 78618.7
85018.5 87194.4
22550.1 23093.4
75084.7 8053.83
83864.9 27936.6
18311.1 93682.7
12103.6 71575.1
72975.9 94192.3
37369.9 3234.96
60020.8 35956.9
99005.1 9955.14
91427.4 49635.3
26020.1 93923.8
19101.5 91378.5
2127.14 88326.7
44914.1 10315.3
80910.7 89767.1
82454.9 65480.5
66841.6 35444.2
11209.4 45231.5
27771.8 3146.46
13739.4 92382.6
54432.8 62260.8
36460.5 88085.6
32691.4 53840.8
64729.8 97662.3
44077.9 27933.6
52760.4 31437.1
60295.4 16260.3
99111.9 23764.8
47282.3 68340.1
8230.84 83336.9
44465.5 29245.9
28833.9 17880.8
34849.1 87087.6
9601.12 86458.9
71535.4 68318.7
62929.2 82342
76320.7 9045.69
77285.1 99755.9
75991.1 80443.7
68831.4 87499.6
91934 96356.1
12949 42591.6
48683.1 81301.3
46223.3 47132.8
17072.1 26923.4
79613.6 1385.54
57530.4 15048.7
13345.7 56337.2
79232.2 35471.7
94213.7 98751.8
80703.1 76595.4
5844.29 91906.5
87453.8 17035.4
32673.1 25122.8
52354.5 96353
88082.5 75215.9
34290.6 92974.6
47499 32932.5
20801.4 87508.8
76967.7 97637.9
10254.2 39494
97851.5 93209.6
19241.9 55793.9
78301.3 8407.85
30777.9 78673.7
92114 14746.5
48951.7 71755.1
35581.5 65041
75655.4 31949.8
42985.3 25739.3
74987 5493.33
91348 46186.7
41001.6 36176.6
35050.5 17908.3
34385.2 23966.2
60997.3 27054.7
3708 22092.3
4858.55 53163.2
56880.4 50724.8
19125.9 17285.7
98400.8 55378.9
33506.3 32721.9
98089.5 88192.4
98352 61348.3
6863.61 40147.1
51704.5 28772.9
85226 2426.22
622.578 1419.11
60039.1 84969.6
57368.7 78603.5
75301.4 70390.9
21091.3 2801.6
52440 31382.2
45689.3 41227.5
25830.9 89709.2
84389.8 41782.9
69127.5 44917.1
51719.7 16559.3
78032.8 50935.4
93496.5 56041.1
25147.3 68605.6
5435.35 27027.2
52522.4 72335
91042.8 57539.6
17499.3 38987.4
99337.7 61717.6
57539.6 97119.1
33152.3 7904.29
89581 64656.5
68508 83022.6
9622.49 53236.5
75771.4 56334.1
8127.08 67235.3
83199.6 95782.3
66841.6 75637.1
73479.4 39967
52702.4 84920.8
53910.9 78920.9
74468.2 91018.4
90838.3 46791
17612.2 38493
48970 79580.1
23209.3 65108.2
26206.2 41023
26377.1 59822.4
24604 69777.5
19898.1 12430.2
48078.9 51005.6
58687.1 82897.4
67519.2 65526.3
70687 68562.9
43894.8 19595.9
89843.4 97326.6
49986.3 8499.4
76766.3 24906.2
81392.9 17053.7
42719.8 64363.5
97405.9 10144.4
42558.1 25946.8
82415.2 16437.3
52217.2 95428.3
68401.1 58351.4
96429.3 29032.3
9247.11 31485.9
42213.2 93105.9
47383 86562.7
23874.6 26618.2
63457.1 17020.2
15009 54670.9
49641.4 5438.4
13248.1 31058.7
97195.3 31830.8
53300.6 38111.5
38905 97000
13943.9 21851.3
37043.4 64055.3
34604.9 90636.9
57441.9 71233.3
7104.71 55409.4
20340.6 19089.3
58244.6 39677.1
68617.8 85280.9
88830.2 37330.2
44007.7 69966.7
84774.3 46437
11984.6 25040.4
65877.3 57158.1
25873.6 70247.5
87948.2 21872.6
70860.9 49336.2
63856.9 85656.3
78508.9 29410.7
19165.6 5230.87
52397.2 96533.1
47953.7 34553.1
95544.3 50755.3
84441.7 5063.02
80172.1 53694.3
56105.2 78841.5
50514.2 31769.8
33823.7 2722.25
99249.2 88222.9
44731 41505.2
8172.86 27048.6
63390 18399.6
93780.3 41987.4
46913.1 40818.5
48326.1 73659.5
29660.9 39637.4
17056.8 87984.9
43116.6 85.4518
2157.66 79042.9
76589.3 12329.5
34113.6 49449.1
44377 19928.6
1062.04 71407.2
74980.9 94259.5
76787.6 81533.2
88021.5 13034.5
37965 12616.4
74471.3 71083.7
11301 15411.8
45851 1431.32
41160.3 73583.2
67967.8 34891.8
18344.7 64946.4
44865.3 76250.5
60628.1 72142.7
68599.5 25180.8
85656.3 95812.9
445.57 19992.7
66875.2 73470.3
99185.2 32392.3
13083.3 57145.9
62077.7 91302.2
62248.6 52952.7
94171 63930.2
30188.9 75689
71535.4 72203.7
4782.25 21588.8
14084.3 72655.4
26300.9 12408.8
33594.8 77913.8
44505.1 13867.6
72508.9 47929.3
93115 81673.6
99243.1 29059.7
72286.1 38178.7
75505.8 69109.2
79744.9 32859.3
61360.5 86483.4
81145.7 89681.7
73583.2 21567.4
60332 94515.8
62953.6 48475.6
40098.3 25708.8
26151.3 75222
14096.5 80980.9
17825.9 10565.5
80480.4 3659.17
78481.4 25525.7
17938.8 61549.7
43812.4 87777.3
94766.1 81380.7
51130.7 97006.1
51500 92098.8
8450.58 99386.6
47898.8 80053.1
41929.4 9262.37
14737.4 9222.69
87221.9 16202.3
1135.29 9604.17
40418.7 5502.49
58027.9 86895.4
34205.1 70329.9
48359.6 56581.3
54796 43540.8
24710.8 55580.3
65337.1 27414.8
64900.7 34537.8
51381 49308.8
6204.41 83904.5
54063.5 21442.3
68886.4 96945.1
6564.53 32895.9
9549.24 22769.9
39576.4 51979.1
95052.9 12552.3
71266.8 67046.1
37507.2 12012.1
47505.1 43943.6
81078.5 3314.31
47868.3 28168.6
81130.4 49537.6
23114.7 69878.2
66411.3 44752.3
79702.1 99877.9
24845.1 22953
77022.6 34708.7
3598.13 28852.2
52961.8 38978.2
64027.8 3729.36
43385.1 23011
82119.2 89465
11197.2 4007.08
35081 3817.87
50614.9 8780.18
64693.1 90185.2
82238.2 46235.5
58015.7 94808.8
4574.72 27689.4
36137 74742.9
17651.9 63182.5
91525 89550.5
84292.1 11862.5
64665.7 79909.7
44715.7 14639.7
558.489 86315.5
50135.8 87139.5
75743.9 10867.6
30845.1 1181.07
36420.8 75429.5
64561.9 32831.8
38395.3 79119.2
60557.9 5182.04
29322.2 8407.85
25269.3 3997.92
64043.1 2850.43
24933.6 94329.7
93475.1 29603
10947 16214.5
17828.9 69863
23551.1 87643.1
44660.8 70345.2
39442.1 92825.1
42451.2 62926.1
78963.6 83983.9
30320.1 5569.63
38483.8 74715.4
94488.4 47685.2
63621.9 53083.9
72127.4 72982
28876.6 92584
93218.8 23050.6
39356.7 89046.9
21051.7 54673.9
20206.3 1690.73
81963.6 34089.2
9320.35 26364.9
24964.1 21277.5
19046.6 79152.8
1898.25 47413.6
82430.5 18451.5
8697.78 38609
49659.7 83675.6
78411.2 89071.3
50337.2 78637
66625 36796.2
87194.4 77834.4
19879.8 44932.4
76870 83684.8
67738.9 41929.4
3393.66 12848.3
29059.7 23590.8
99993.9 39823.6
73238.3 70195.6
24808.5 75838.5
26865.4 81746.9
46250.8 11252.2
66594.4 84530.2
3476.06 99578.8
88717.3 12091.4
57738 11157.6
96142.5 13739.4
146.489 34781.9
93374.4 93719.3
31534.8 55220.2
30137 34165.5
79976.8 84872
84249.4 4989.78
71666.6 77648.2
24362.9 13797.4
20722.1 3210.55
43250.8 98950.2
53560 9677.42
2182.07 18939.8
33463.5 52916
77098.9 41184.7
988.8 20596.9
47129.7 83333.8
95797.6 29078
16156.5 10251.2
75548.6 21259.2
7986.69 39808.3
97531.1 43559.1
25772.9 60545.7
78566.9 30097.4
16357.9 14413.9
98898.3 72243.4
30082.1 47682.1
65605.6 1635.79
16754.7 83077.5
1260.41 64809.1
48359.6 16412.9
73378.7 17523.7
9164.71 90716.3
30307.9 16989.7
43827.6 51005.6
59221.2 40028.1
4135.26 32905.1
31760.6 5343.79
85006.3 88125.2
53044.2 28052.6
90359.2 3.05185
79577 84518
19516.6 92230
21768.9 15674.3
14728.2 83803.8
96643 47001.6
60435.8 93469
46311.8 53138.8
74947.4 46653.6
87994 45423.7
85100.9 88073.4
11001.9 10376.3
24573.5 53129.7
86510.8 77288.1
46443.1 1229.9
5566.58 43028
90627.8 64140.8
11117.9 32239.8
96835.2 12491.2
39561.1 20957.1
3650.01 93600.3
37498.1 1861.63
24390.4 43659.8
69328.9 19257.2
40299.7 27539.9
81273.8 51902.8
1809.75 9167.76
37458.4 71785.6
78402.1 5774.1
93731.5 57060.5
47709.6 28989.5
24741.4 87157.8
64552.8 66029.8
70021.7 98257.4
430.311 4010.13
14603.1 27268.3
94192.3 50578.3
69850.8 22379.2
4400.77 53929.3
70088.8 48332.2
4171.88 75389.9
50697.3 64571.1
8926.66 17645.8
23279.5 4354.99
77849.7 61769.5
13504.4 32978.3
79546.5 16156.5
77285.1 13190.1
62645.3 30500.2
60893.6 56022.8
21842.1 77938.2
20658 85030.7
137.333 58473.5
67851.8 92178.1
17783.1 26834.9
54377.9 13428.1
68645.3 97845.4
64949.5 2206.49
74544.5 32468.6
31287.6 28815.6
38276.3 57661.7
34043.4 83965.6
85833.3 23102.5
8047.73 14520.7
38544.9 48005.6
16473.9 69631
5719.17 61055.3
9598.07 85280.9
38416.7 86651.2
33762.6 85494.6
34971.2 80571.9
6106.75 28244.9
38911.1 68172.2
20825.8 74211.9
19873.7 88235.1
2417.07 6518.75
78167.1 95620.6
71678.8 79580.1
63560.9 25830.9
40003.7 25156.4
49012.7 74630
97628.7 93789.5
49839.8 95773.2
11435.3 59678.9
29065.8 70088.8
97985.8 67198.7
79525.1 48951.7
87316.5 47102.3
23300.9 25263.2
43256.9 80608.5
19257.2 35160.4
55742.1 39439.1
19119.8 43440
70870.1 80001.2
62855.9 15967.3
74254.6 19724.1
53938.4 32068.8
93347 73833.4
5102.69 40116.6
34296.7 80523.1
95260.5 9402.75
19034.4 92788.5
28122.8 81408.1
38163.4 64949.5
33265.2 73638.1
85293.1 12042.6
161.748 39091.2
88451.8 70186.5
85873 34553.1
4193.24 36033.2
86962.5 762.963
90020.4 13489.2
16330.5 7657.09
20740.4 45728.9
75545.5 67754.1
64436.8 60722.7
63289.3 70827.4
83562.7 8374.28
10577.7 43009.7
76934.1 17352.8
83376.6 83431.5
28107.5 49794
43180.6 81502.7
75866 81978.8
6280.71 68001.3
72365.5 89114
92254.4 3094.58
44648.6 62334.1
2331.61 54350.4
25052.6 36057.6
18314.2 67958.6
66234.3 53822.4
62572.1 86217.8
6335.64 50709.6
9826.96 14444.4
36.6222 80513.9
91335.8 90417.2
81008.3 65758.2
82024.6 59480.6
71422.5 98675.5
11322.4 8459.73
4214.61 71291.2
88226 61461.2
73616.7 62767.4
81203.7 90725.4
79650.3 62038
43690.3 45640.4
82195.5 53984.2
25650.8 53065.6
30249.9 47151.1
61931.2 92025.5
82018.5 71251.6
77965.6 95980.7
81417.3 22461.6
3530.99 85750.9
6692.71 84749.9
35111.5 86227
56700.3 5246.13
37501.1 29987.5
90521 51921.1
25330.4 979.644
86013.4 31504.3
15076.1 21332.4
32947.8 95999
88204.6 34476.8
26325.3 15698.7
56068.6 87688.8
75530.3 47010.7
67220.1 67140.7
94888.1 73055.2
47676 88656.3
91369.4 45304.7
14871.7 97222.8
14902.2 4290.9
55827.5 78429.5
87084.6 7553.33
10229.8 34955.9
73760.2 42918.2
49000.5 31193
17249.1 55278.2
89013.3 59193.7
93713.2 64973.9
34553.1 28998.7
11355.9 5862.61
86172.1 36536.8
15097.5 61311.7
7544.18 12161.6
13266.4 26072
90963.5 2990.81
92037.7 72353.3
12076.2 92159.8
33155.3 48051.4
14536 8096.56
628.681 85366.4
15115.8 26999.7
11978.5 47868.3
70006.4 21567.4
59675.9 94210.6
92819 59147.9
98419.1 86510.8
65022.7 2441.48
63847.8 21625.4
29352.7 15872.7
38328.2 13400.7
6863.61 30716.9
29429 3982.67
28247.9 72179.3
76711.3 32422.9
20014 1486.25
52491.8 38557.1
36204.1 76168.1
72142.7 30430
76220 81591.2
79610.6 93282.9
79424.4 36942.7
23740.3 68266.9
37095.2 28742.3
91064.2 79030.7
12442.4 75002.3
10623.5 34269.2
9186.07 73189.5
96539.2 84371.5
79461 35111.5
43845.9 60301.5
11548.2 61827.4
43327.1 72835.5
88164.9 61720.6
30866.4 256.355
55830.6 64867.1
37040.3 42683.2
96054 36826.7
52494.9 71080.7
38844 44956.8
74800.9 49171.4
9277.63 80394.9
52345.3 56279.2
47657.7 88833.3
90951.3 89315.5
93963.4 13211.5
38789 71944.3
77156.9 1449.63
15256.2 49156.2
21.363 82320.6
99414 95260.5
60127.6 62639.2
43611 13525.8
97518.8 48866.2
27961.1 55525.4
9842.22 46226.4
21231.7 38319
25452.4 38520.5
63808.1 87661.4
75136.6 1693.78
38370.9 85247.4
53123.6 54356.5
43882.6 48237.6
7968.38 98309.3
38514.4 19107.6
53938.4 52247.7
67152.9 93984.8
43528.6 31760.6
39091.2 67561.9
91753.9 78743.9
71553.7 22794.3
92791.5 93319.5
64659.6 43379
19678.3 71474.3
23453.5 77263.7
47599.7 1449.63
92635.9 29224.5
91445.7 22043.5
19605.1 10687.6
98257.4 95980.7
11468.9 24906.2
85189.4 1406.9
1596.12 15585.8
63582.3 94723.3
91375.5 57152
39814.4 47770.6
82805.9 14709.9
33512.4 12622.5
67513 51875.4
3799.55 16977.4
87853.6 14566.5
24158.5 43394.3
35697.5 68929.1
96545.3 95403.9
4550.31 21430.1
45402.4 3668.32
60609.8 99386.6
82174.1 75341
48371.8 19864.5
80956.5 39631.3
96487.3 25293.7
55888.5 92895.3
39378 13718.1
80959.5 96157.7
20340.6 41950.7
42783.9 28373.1
91695.9 29673.1
67046.1 48454.2
77645.2 42661.8
9170.81 69182.4
15448.5 83227
49919.1 96209.6
40543.8 66005.4
86425.4 35193.9
31235.7 7226.78
59440.9 20224.6
78569.9 5603.2
7287.82 66670.7
97061.1 42893.8
87206.6 1559.5
41819.5 82387.8
54716.6 74633
47798.1 93310.3
41612 3170.87
56682 79357.3
23200.2 53755.3
47141.9 39454.3
15442.4 14047.7
34019 38853.1
92596.2 57756.3
52064.6 18723.1
65959.7 55864.1
89898.4 22324.3
14441.4 37293.6
89761 65929.1
7452.62 52104.3
78756.1 32578.5
10815.8 40348.5
47105.3 16824.9
16339.6 59724.7
39143 98571.7
85625.8 75127.4
72609.6 74126.4
48744.2 63267.9
51896.7 22644.7
48460.3 35432
90868.9 36008.8
70555.7 31528.7
10858.5 90325.6
50917.1 88573.9
29517.5 87148.7
24.4148 36677.1
6070.13 42555
35422.8 25742.4
58684 52205
62840.7 35908.1
19486.1 10480.1
96566.7 74922.9
42945.6 11874.8
59700.3 15573.6
33164.5 12714
54924.2 76253.5
5771.05 81380.7
46391.2 97836.2
49980.2 15097.5
43391.2 19946.9
6488.24 51490.8
26371 9796.44
26819.7 52961.8
6002.99 46659.7
29728.1 92046.9
55842.8 15143.3
20294.8 15897.1
9274.58 10391.6
87377.5 17960.1
61333 8291.88
44938.5 95028.5
66017.6 3878.9
33033.2 17749.6
69771.4 71016.6
43903.9 92764.1
71675.8 46479.7
88964.5 44535.7
51069.7 91604.4
72179.3 95074.3
53148 34565.3
85552.5 69576.1
73201.7 46485.8
92281.9 6244.09
30118.7 54411.5
13245 98266.5
69774.5 44377
82458 46165.3
88894.3 57591.5
87029.6 48655.7
20105.6 32932.5
57402.3 10058.9
68706.3 98864.7
23352.8 92480.2
41819.5 67864
1446.58 90789.5
60573.1 36558.1
29596.9 58650.5
95901.4 44599.7
14267.4 63585.3
18601 95486.3
6033.51 99301.1
4284.8 92413.1
69084.7 33341.5
83828.2 92297.1
60268 18265.3
79946.3 31070.9
83373.5 44361.7
20542 23404.6
34189.9 62135.7
69444.9 89974.7
2053.9 52635.3
65117.3 15356.9
43437 73744.9
8041.63 89788.5
93221.8 60597.6
87340.9 37733.1
29337.4 8191.17
87261.6 86599.3
56309.7 14392.5
64226.2 78527.2
23377.2 11368.1
34952.8 78539.4
42829.7 63658.6
66368.6 82049
24140.1 60957.7
7895.14 74941.3
89556.6 83761.1
56752.2 49308.8
86758 69963.7
96865.7 27970.2
64223.2 60582.3
2078.31 909.452
24878.7 52711.6
44209.1 26761.7
23749.5 37785
96615.5 2438.43
25116.7 53383
73925 54072.7
84926.9 26566.4
98495.4 52354.5
73986 37015.9
34247.9 5413.98
7617.42 77938.2
78560.7 32380.1
97381.5 43028
52720.7 70696.1
90478.2 17474.9
81698 20392.5
12509.5 1229.9
3765.98 78362.4
79140.6 42600.8
646.992 65816.2
92361.2 10339.7
88784.4 2032.53
86925.9 82335.9
62352.4 27512.4
42640.5 79003.3
28702.7 29660.9
28049.6 19568.5
26761.7 74166.1
91247.3 29297.8
69090.9 95141.5
63322.9 75835.4
98190.3 47178.6
90200.5 62767.4
97702 72475.4
58345.3 58555.9
49107.3 86068.3
30112.6 88915.7
74568.9 32407.6
54228.3 70827.4
56505 16333.5
67140.7 16242
74587.2 61568
50779.7 83678.7
50700.4 99887.1
62419.5 5746.64
42582.5 44096.2
2212.59 70833.5
76674.7 47898.8
34046.4 86950.3
60893.6 5804.62
25357.8 5978.58
67891.5 96221.8
21506.4 36393.3
29447.3 20804.5
20352.8 22534.9
32633.4 43263
62642.3 18680.4
58345.3 80654.3
3851.44 35914.2
52836.7 50386.1
83098.8 89983.8
72927 25989.6
54731.9 28281.5
95403.9 4797.51
98278.8 64037
31360.8 40681.2
72289.2 95843.4
36027.1 44935.5
27796.3 40690.3
54719.7 8459.73
46946.6 58583.3
95553.5 48356.6
22437.2 96893.2
69554.7 32059.7
43452.3 32548
88766.1 82137.5
3595.08 40226.4
62981 14868.6
96591.1 64610.7
85744.8 15756.7
15240.9 24915.3
50239.6 5059.97
19379.3 29728.1
85674.6 96496.5
88366.3 30344.6
54799 2230.9
23773.9 90710.2
3192.24 87307.4
17935.7 2066.1
918.607 26554.2
53874.3 20484
67201.8 67232.3
52357.6 55333.1
18723.1 50407.4
31617.2 86877
32197 94277.8
95410 41093.2
61793.9 92519.9
14993.7 99847.4
2105.78 30802.3
20709.9 74523.1
37235.6 74608.6
68739.9 21280.6
66615.8 31424.9
98675.5 26029.2
48258.9 40525.5
47550.9 37244.8
49983.2 93389.7
35947.8 74779.5
49266 37897.9
91775.3 92758
72383.8 69481.5
27381.2 24701.7
13406.8 62260.8
35618.2 89037.8
23728.1 43397.3
20468.8 83016.4
12689.6 63698.2
27857.3 43293.6
50004.6 67650.4
92312.4 1226.84
10528.9 15994.8
65031.9 10980.6
52076.8 63957.6
39060.6 78670.6
66835.5 48271.1
37141 70558.8
97051.9 86120.2
77880.2 28504.3
55601.7 39115.6
85873 70760.2
42069.8 45429.9
61391 6234.93
94964.4 73238.3
75277 40366.8
70668.7 98550.4
4632.71 726.341
89800.7 60600.6
74990.1 60466.3
41575.4 97903.4
24512.5 87731.6
86791.6 18067
55928.2 99212.6
50068.7 4571.67
91757 45881.5
42002.6 13535
98492.4 9103.67
1782.28 63686
95361.2 35224.5
970.489 72585.2
13263.3 86742.8
99044.8 42304.8
19553.2 38230.5
91277.8 47608.9
74233.2 95098.7
39695.4 29819.6
33246.9 63316.8
27613.1 49464.4
64467.3 48274.2
28440.2 836.207
91982.8 10840.2
29380.2 41605.9
34339.4 58781.7
643.941 40571.3
52378.9 1644.95
50761.4 96731.5
72222.1 47288.4
58687.1 32734.2
99111.9 68059.3
23279.5 15912.4
87685.8 14902.2
20773.9 9930.72
84334.8 7400.74
10907.3 10257.3
7214.58 77926
82281 66542.6
79653.3 98022.4
77623.8 45024
82409.1 65126.5
89559.6 34116.6
40577.4 77794.7
67497.8 46278.3
10660.1 77498.7
26285.6 19275.5
83459 85155.8
97262.5 70030.8
68398.1 10528.9
12280.6 4077.27
74959.6 62590.4
61409.3 33869.4
56761.4 38972.1
14838.1 8932.77
33997.6 22675.3
49742.1 11120.9
59810.2 64101.1
72554.7 17984.6
46208.1 76583.1
77474.3 87469.1
15231.8 23487
31647.7 66994.2
90887.2 25089.3
27799.3 80098.9
97549.4 63252.7
94808.8 93737.6
80443.7 12106.7
6967.38 19351.8
13803.5 72841.6
82491.5 50895.7
12363 40690.3
11868.6 92855.6
11783.2 82296.2
6784.26 81453.9
33655.8 51545.8
10110.8 52159.2
704.978 22000.8
57710.5 56572.2
17807.6 64061.4
32587.7 81887.3
84438.6 44969
2060 75994.1
54231.4 79812
78573 31373
7181.01 11594
94729.5 30921.4
50224.3 48573.3
33277.4 8798.49
11694.7 36918.2
2526.93 29429
45423.7 96856.6
97958.3 37833.8
9979.55 408.948
40531.6 84328.7
38755.5 18891
32456.4 76787.6
66496.8 18207.3
20893 63573.1
27884.8 30173.7
10321.4 231.941
93856.6 77907.7
14175.8 3143.41
61177.4 83462
86349.1 43159.3
61034 35810.4
23188 82448.8
2139.35 47297.6
76674.7 7608.26
14069 76705.2
69295.3 62199.8
6393.63 47026
51356.5 31815.5
9268.47 36115.6
91265.6 84820.1
11102.6 68300.4
39454.3 21854.3
58900.7 85088.7
56584.4 37308.9
36945.7 23108.6
46595.7 45765.6
89413.1 77431.6
85293.1 76665.5
2560.5 78292.2
85061.2 90215.8
12125 59501.9
86312.4 17749.6
51506.1 46534.6
16361 79616.7
6436.35 42466.5
6265.45 83700.1
91699 39918.2
6320.38 57783.7
15530.9 37064.7
90820 18793.3
47380 85906.6
92657.2 32071.9
54573.2 50865.2
58494.8 63860
23566.4 5868.71
65031.9 80013.4
31412.7 48048.3
87014.4 94171
83007.3 56117.4
57670.8 18451.5
79802.9 71663.6
12112.8 19812.6
35615.1 31379.1
54411.5 35197
5075.23 28394.4
38877.5 48597.7
40452.3 30854.2
6289.86 83159.9
42375 35825.7
65575.1 11444.4
20163.6 86706.1
61635.2 36988.4
27332.4 32209.2
19962.2 50270.1
87929.9 55092
8606.22 12213.5
79293.2 48725.9
8148.44 68376.7
86922.8 69661.5
30320.1 46888.6
97000 44257.9
75890.4 43351.5
42265.1 57591.5
72396 45728.9
66814.2 2652.06
82433.5 2447.58
25476.9 18085.3
23035.4 86755
83404 92480.2
86846.5 60487.7
31431 63405.3
5624.56 90423.3
82955.4 89309.4
46836.8 20233.8
67806 22364
83788.6 51283.3
88879.1 60463.3
30091.3 35300.8
57036 6372.26
78972.7 32111.6
69997.3 12305.1
38096.3 35529.6
50764.5 37925.4
531.022 20539
11267.4 99978.6
42466.5 14886.9
56807.2 41627.2
88302.3 48216.2
96972.6 99679.6
33768.7 81859.8
78591.3 97723.3
67668.7 72429.6
6421.09 43440
82866.9 72325.8
67116.3 58088.9
17166.7 20258.2
22168.6 16370.1
14722.1 24970.2
85409.1 24762.7
48542.7 95211.6
50697.3 16440.3
94763 19159.5
85464 90960.4
99331.6 46363.7
55638.3 76741.8
27658.9 75344.1
97717.2 44584.5
37940.6 100000
3463.85 50239.6
68700.2 17923.5
32981.4 34241.8
81240.3 53752.3
21689.5 57063.5
47590.6 674.459
96908.5 97766
24607.1 33253
69591.4 94250.3
4791.41 94619.6
16934.7 53218.2
84542.4 11252.2
21387.4 8017.21
40351.6 38404.5
81749.9 52424.7
53715.6 89288
61961.7 28547
75225.1 51225.3
93227.9 96969.5
68575.1 41795.1
95056 67217
25098.4 8182.01
30896.9 16721.1
89397.9 22772.9
63966.8 76384.8
86745.8 78200.6
28885.8 10852.4
92883.1 34907.1
84771.3 71663.6
36811.4 24390.4
65382.9 51350.4
77224 61223.2
92001.1 16666.2
43180.6 66975.9
64580.2 49028
79689.9 59218.1
96874.9 70293.3
88781.4 8642.84
11127 82049
6707.97 17505.4
57969.9 96472.1
7922.61 22464.7
77102 86935
76430.6 74962.6
64461.2 36445.2
35126.8 2270.58
61433.8 12085.3
73818.2 2346.87
31788.1 43531.6
66441.8 75554.7
41883.6 33802.3
18219.6 46473.6
9884.95 80379.7
33286.5 78844.6
39484.8 34781.9
43455.3 36817.5
3869.75 78750
88769.2 95608.4
95492.4 45155.2
90383.6 54686.1
7257.3 61766.4
6515.7 56642.4
60847.8 45985.3
11978.5 64839.6
47654.7 28690.5
92007.2 2963.35
98120.1 35300.8
90929.9 9637.75
44953.8 2188.18
6393.63 11188.1
95971.6 56593.5
69689 65688
82067.3 38090.2
2832.12 81438.6
96096.7 89840.4
93069.2 62971.9
88097.8 97653.1
75319.7 87722.4
32685.3 5026.4
63319.8 66493.7
34058.7 82335.9
19995.7 90826.1
84380.6 78161
7702.87 20419.9
41071.8 31058.7
9006.01 13708.9
38709.7 69765.3
58571.1 54728.8
1077.3 79982.9
76809 79397
69069.5 65935.2
45936.5 54332.1
10022.3 84746.8
19000.8 11352.9
24143.2 81814
2566.61 90731.5
13583.8 5258.34
3656.12 96395.8
29889.8 27631.5
81557.7 16147.3
65352.3 52952.7
95156.7 10068.1
3964.35 37220.4
86397.9 20175.8
97549.4 546.281
90502.6 4544.21
82702.1 59010.6
13559.4 48915.1
4214.61 54332.1
68153.9 59007.5
60539.6 9570.6
7577.75 86605.4
36939.6 88903.5
49363.7 92547.4
41999.6 89611.5
28626.4 99777.2
13031.4 44453.3
71993.2 39542.8
6112.86 62492.8
32587.7 43891.7
36246.8 86532.2
76845.6 87572.9
83407.1 95263.5
63643.3 32480.8
29978.3 28299.8
6491.29 77779.5
45316.9 62150.9
59337.1 68782.6
82961.5 15314.2
16608.2 67778.6
6176.95 10593
68178.4 39881.6
7480.09 72774.4
99795.5 57042.1
37659.8 89751.9
79689.9 73360.4
10074.2 15292.8
21897 74794.8
95715.2 41514.3
67006.4 56425.7
74733.7 19180.9
70857.9 30387.3
60039.1 54033
41947.7 17563.4
58598.6 57179.5
18018.1 26218.5
86031.7 77724.5
22592.9 70668.7
180.059 95751.8
91967.5 33097.3
69234.3 3781.24
13364.1 21686.5
40046.4 54838.7
64848.8 28144.2
22290.7 5209.51
97604.3 37763.6
54033 30121.8
51216.2 95181.1
64403.2 40321.1
42640.5 78875.1
98944.1 77803.9
19339.6 87621.7
23279.5 18753.6
17386.4 91970.6
70751.1 61848.8
15033.4 53868.2
49589.5 30005.8
22412.8 67616.8
75313.6 63774.5
98007.1 25190
43919.2 34421.8
32505.3 59138.8
11554.3 54896.7
90661.3 66124.5
96224.9 16736.4
51771.6 64259.8
67195.7 31113.6
39442.1 87359.2
37769.7 2072.21
81203.7 69234.3
26926.5 10150.5
88656.3 21131
5606.25 34455.4
98751.8 55501
93139.4 91348
66805 59117.4
19513.5 17847.2
51918.1 68813.1
19104.6 77907.7
85403 52812.3
71440.8 19638.7
62825.4 50889.6
54695.3 61668.8
50322 76433.6
27475.8 36683.2
45793 33542.9
4577.78 70372.6
85607.5 52302.6
42292.6 23804.4
37421.8 95330.7
98925.7 77428.5
69798.9 38743.2
86111 84807.9
39161.4 80684.8
76604.5 74175.2
84786.5 80468.2
84127.3 26001.8
72408.2 81566.8
80898.5 4647.97
77105 21466.7
68498.8 72225.1
46052.4 81600.4
67690.1 62849.8
31788.1 80407.1
42777.8 45335.2
36594.7 62709.4
26187.9 52510.1
58681 88503.7
58864.1 5243.08
80690.9 74263.7
12103.6 9347.82
91274.8 89935
6469.92 53431.8
80248.4 64711.4
93383.6 85860.8
98037.7 4718.16
15057.8 98956.3
19992.7 75737.8
8377.33 98544.3
6228.83 54103.2
68312.6 86968.6
97567.7 98883
36573.4 37705.6
38255 48460.3
31067.8 89736.6
66078.7 94695.9
81789.6 39707.6
60460.2 37681.2
88793.6 60152
89205.6 74373.6
67864 21729.2
44486.8 24057.7
99511.7 47755.4
8752.71 43903.9
46879.5 79039.9
41087.1 37675.1
58278.1 77239.3
24753.6 10699.8
19855.3 44764.5
66457.1 74306.5
74132.5 89474.2
88024.5 52745.1
69954.5 12146.4
1058.99 95806.8
59532.5 45014.8
5255.29 50224.3
8169.8 19315.2
955.229 92989.9
32319.1 90136.4
56593.5 79686.9
31562.2 96554.5
21637.6 11026.3
30182.8 85314.5
25699.6 70656.5
93929.9 76052.1
54347.4 37351.6
37589.6 96279.8
42353.6 24802.4
89025.5 64192.6
74913.8 52024.9
25257.1 47502.1
37513.4 97564.6
46263 76302.4
5063.02 40632.3
2090.52 38227.5
10898.2 42280.3
38914.2 33918.3
86285 69698.2
79653.3 20984.5
11072.1 16855.4
4809.72 24561.3
66112.2 24536.9
49104.3 42597.7
28016 52891.6
79558.7 23993.7
96984.8 9680.47
70662.6 47709.6
98205.5 87310.4
42222.4 80990
47560 11746.6
75545.5 44795.1
22187 56517.2
73546.6 64598.5
26554.2 24836
80446.8 34666
94674.5 53038.1
26648.8 73912.8
19055.8 38422.8
14459.7 1504.56
47090.1 44645.5
10226.8 10324.4
35364.8 87749.9
58562 66374.7
2685.63 56013.7
84258.6 12311.2
72316.7 66704.3
97534.1 3216.65
44096.2 12854.4
68202.8 52681.1
87105.9 3228.86
84441.7 17395.6
93411.1 48561.1
61714.5 98345.9
83620.7 97201.5
17569.5 86697
4773.09 73336
77837.5 32584.6
11273.5 20819.7
29899 64839.6
69444.9 5847.35
88702 39823.6
76326.8 81505.8
91027.6 47505.1
33384.2 67369.6
83745.8 52876.4
65709.4 47285.4
21637.6 842.311
27335.4 38407.5
40400.4 62727.7
83358.3 34684.3
20471.8 52491.8
9390.55 77852.7
7309.18 90801.7
99050.9 59117.4
3741.57 45088
20078.1 4611.35
9.15555 23703.7
9714.04 47776.7
57121.5 52290.4
49943.5 41767.6
9161.66 10519.7
13269.4 15030.4
173.956 57295.4
19614.2 23191
21231.7 22556.2
94958.3 305.185
63322.9 93835.3
72393 62709.4
51701.4 75615.7
26157.4 68480.5
77285.1 49720.8
79326.8 85729.5
90771.2 14758.8
75728.6 72771.4
75048.1 32834.9
56782.7 23374.1
61571.1 61577.2
33820.6 80132.5
6302.07 99667.3
96542.3 69148.8
90850.6 23947.9
48228.4 59138.8
64409.3 46299.6
8352.92 98056
92187.3 68312.6
73189.5 30384.2
25843.1 61964.8
75038.9 48240.6
61690.1 54423.7
30738.2 79363.4
2148.5 45020.9
20041.5 65147.9
86208.7 32633.4
84514.9 31861.3
4400.77 81496.6
87536.2 8136.23
64024.8 3643.91
26102.5 91866.8
20145.3 86086.6
34977.3 19647.8
38065.7 40781.9
73860.9 41920.2
2856.53 5673.39
38200 56825.5
41596.7 74749
84243.3 6048.77
73903.6 85360.3
8984.65 85662.4
56437.9 40900.9
75624.9 75133.5
36976.2 96954.3
25141.1 37644.6
83657.3 89019.4
64644.3 94799.6
5063.02 30005.8
73085.7 28885.8
26767.8 55555.9
15012.1 15808.6
39899.9 45326.1
2914.52 41779.8
87456.9 98416.1
98864.7 6961.27
3903.32 90981.8
95999 69127.5
73751 94219.8
70558.8 30475.8
24655.9 80825.2
45027 20777
20758.7 98059
53032 79879.1
71831.4 35514.4
46629.2 92785.4
23844.1 65779.6
36610 80398
46656.7 86022.5
6418.04 99029.5
84344 38731
90347 51850.9
83880.1 39643.5
56590.5 65367.6
67763.3 91042.8
85842.5 34049.5
66197.7 8526.87
85989 86275.8
74486.5 39384.1
33576.5 74669.6
51225.3 680.563
82683.8 43983.3
22971.3 15225.7
31745.4 79650.3
10950 73491.6
89068.3 90118.1
45472.6 99627.7
27564.3 26090.3
83675.6 49733
69405.2 89840.4
96209.6 20465.7
91131.3 37632.4
38477.7 96102.8
89941.1 28495.1
72100 12234.9
1718.19 22357.9
52165.3 64198.7
11447.5 80748.9
45954.8 38300.7
46632.3 73168.1
98721.3 94085.5
94338.8 42216.3
12170.8 75655.4
32517.5 30683.3
51265 80260.6
16202.3 23621.3
44953.8 62196.7
9201.33 8636.74
96505.6 207.526
1928.77 7425.15
69002.3 6485.18
6012.15 81759.1
61684 5389.57
66252.6 66975.9
42713.7 60023.8
80614.6 36164.4
54036.1 74779.5
68837.5 48127.7
53904.8 52000.5
80324.7 82253.5
12750.6 30854.2
81872 13419
27991.6 86574.9
15958.1 30091.3
73409.2 18140.2
70125.4 48677
48710.6 2624.59
48142.9 27311
44938.5 44203
83541.4 32175.7
91308.3 96044.8
86153.8 59489.7
99090.5 83181.2
62303.5 66277
68251.6 4464.86
99234 13049.7
72353.3 41779.8
54423.7 71559.8
87432.5 54557.9
40427.9 653.096
80440.7 87817
45820.5 43479.7
22867.5 71776.5
82921.8 49076.8
45222.3 41209.1
2887.05 71495.7
97906.4 52638.3
68843.7 49610.9
34196 27509.4
27582.6 20700.7
80919.8 99484.2
70613.7 70955.5
12418 93914.6
24997.7 76000.2
93517.9 17734.3
64766.4 34608
6979.58 87771.2
83437.6 48701.4
31251 75676.7
18280.6 52745.1
83944.2 97604.3
67003.4 45698.4
96816.9 26703.7
87398.9 28623.3
37800.2 56630.1
20667.1 1083.41
45738.1 94109.9
28965.1 19464.7
93429.4 8767.97
87856.7 70314.6
44608.9 18317.2
24250 61858
20539 37168.5
40513.3 86822.1
41752.4 66695.2
15280.6 59627.1
60637.2 55204.9
21698.7 81176.2
50459.3 5764.95
53660.7 34244.8
66469.3 60008.5
656.148 62721.6
44673 36017.9
61909.8 37708.7
53972 48481.7
40382.1 63710.4
67195.7 89147.6
7281.72 27939.7
66740.9 95806.8
77724.5 45951.7
50392.2 87829.2
88106.9 6665.24
52964.9 96466
15936.8 69948.4
49394.2 67976.9
32596.8 19821.8
54893.6 67754.1
29783 26529.7
87804.8 63527.3
10193.2 20435.2
10779.1 15802.5
83095.8 31016
15894 53682.1
55394.1 94009.2
69344.2 64091.9
58858 79830.3
81316.6 72689
4068.12 46424.8
16711.9 44447.2
1785.33 69652.4
12292.9 82107
42295.6 54326
15891 50590.5
73406.2 79064.3
13336.6 5554.37
67693.1 78020.6
58696.2 54124.6
19629.5 12683.5
73445.8 26004.8
63237.4 36845
30222.5 83068.3
50837.7 7809.69
86794.6 45527.5
83599.4 47087
85793.6 62855.9
34446.2 3555.41
85961.5 7553.33
53975 22348.7
40406.5 19873.7
3.05185 72493.7
87609.5 81667.5
81399 36463.5
70699.2 47453.2
56749.2 14798.4
50709.6 10834.1
78588.2 48860.1
29389.3 34400.5
23703.7 14886.9
47221.3 21204.3
259.407 92471.1
72243.4 56010.6
72246.5 60554.8
45320 94351
91973.6 24112.7
97506.6 27576.5
81185.3 24616.2
5075.23 2035.58
51432.8 37394.3
97885.1 20416.9
4339.73 9057.89
86678.7 3503.52
2346.87 38081
24970.2 40379
50630.2 51664.8
71123.4 5218.67
80736.7 82012.4
66219.1 68855.9
76632 95159.8
93426.3 83135.5
33756.5 75463.1
34382.2 66307.6
91677.6 18857.4
88320.6 67473.4
31049.5 38062.7
69475.4 38282.4
75417.3 32795.2
48463.4 89980.8
88552.5 28171.6
53221.2 63918
7904.29 34379.1
95138.4 93688.8
4831.08 30771.8
36008.8 86962.5
12183 27515.5
61452.1 5191.2
9915.46 7861.57
76351.2 69292.3
9341.72 4260.38
88049 69408.2
26612.1 11340.7
92822 6927.7
86117.1 88964.5
31305.9 46842.9
44349.5 58409.4
28519.5 8554.34
74953.5 44892.7
84038.8 73351.2
5487.23 69447.9
28028.2 36524.6
46595.7 43388.2
8700.83 82415.2
4168.83 68413.3
26853.2 10376.3
15155.5 95504.6
83098.8 89895.3
97628.7 45738.1
53395.2 72869
55699.3 46140.9
58571.1 41306.8
30018 83703.1
43372.9 18460.6
34315 30686.4
30723 21579.6
68764.3 44343.4
66808.1 84371.5
50700.4 94171
22602 27329.3
53355.5 19830.9
67464.2 4046.75
93234 72881.3
80422.4 1611.38
56709.5 45371.9
14795.4 23230.7
6555.38 38529.6
81746.9 31208.2
58964.8 74584.2
68410.3 78423.4
71660.5 4876.86
56209 6366.16
33838.9 17401.7
55012.7 37940.6
98440.5 96878
18704.8 43086
47441 40464.5
57866.1 5404.83
30796.2 82317.6
15106.7 67873.2
69606.6 29996.6
18747.5 85778.4
64201.8 65962.7
80446.8 65013.6
97714.2 17209.4
52385 13855.4
75783.6 46195.9
9643.85 86330.8
93029.6 66188.5
73424.5 45307.8
66896.6 34150.2
40690.3 23456.5
29517.5 24280.5
35883.7 10171.8
18204.3 35358.7
50358.6 42600.8
55192.7 34989.5
85100.9 28888.8
57268 93896.3
62413.4 81804.9
65920 13361
22177.8 90801.7
38599.8 99005.1
68297.4 10712
91763.1 83889.3
80959.5 95172
36265.1 54255.8
60353.4 52845.9
95800.7 80874.1
17456.6 54707.5
48942.5 9176.92
77514 70354.3
85467.1 11346.8
11822.9 61580.2
17520.7 53398.2
63506 11291.8
36362.8 80452.9
82796.7 15918.5
55159.2 73287.1
37565.2 19382.3
28601.9 79314.6
14648.9 16846.2
89874 71089.8
77623.8 6271.55
95629.7 35462.5
96655.2 15985.6
19614.2 46577.3
16022.2 86315.5
85546.4 25702.7
75020.6 33478.8
79848.6 41184.7
47718.7 73821.2
34943.7 51506.1
17365 36503.2
23624.4 44654.7
50965.9 42832.7
55232.4 76909.7
89657.3 80285
14169.7 64162.1
20554.2 49388.1
31467.6 28894.9
45661.8 11606.2
29950.9 55974
13477 16284.7
33677.2 60301.5
28910.2 34846
82262.6 19580.7
7159.64 80346.1
40690.3 75185.4
87148.7 40470.6
45295.6 54341.3
70149.8 2182.07
76464.1 16730.2
99270.6 96054
98736.5 78618.7
45320 38468.6
58912.9 17639.7
14804.5 99804.7
82812 11417
45582.4 76699.1
61241.5 13019.2
5847.35 96569.7
65898.6 16538
62077.7 32453.4
85760.1 15768.9
31513.4 56358.5
24588.8 9207.43
84884.2 9173.86
50230.4 54472.5
14896.1 15350.8
36262.1 25220.5
36225.5 20410.8
86678.7 73793.8
32523.6 79424.4
84173.1 52580.3
16168.7 74611.7
52726.8 97363.2
16299.9 90151.7
75023.7 25638.6
60826.4 22360.9
55427.7 53166.3
67973.9 53331.1
69048.1 81746.9
13061.9 66176.3
87591.2 61446
86077.5 29999.7
22580.6 80370.5
5694.75 32740.3
76601.5 85073.4
5383.47 89950.3
43144 84765.2
57197.8 7699.82
45756.4 42451.2
48872.3 27729.1
57023.8 6085.39
79903.6 32902
88097.8 82912.7
92159.8 41181.7
89342.9 10052.8
708.029 66179.4
52729.9 24585.7
40467.5 72447.9
56639.3 86074.4
94280.8 3607.29
43647.6 54820.4
18079.2 11478
71959.6 78887.3
28748.4 64275
31080.1 93038.7
70281.1 62059.4
62410.4 82711.3
23917.4 37537.8
75298.3 16156.5
77822.2 70323.8
99264.5 97879
21967.2 92806.8
62956.6 46464.4
83858.8 15759.8
40513.3 49980.2
70659.5 51786.9
55913 2008.12
33426.9 64742
85970.6 71498.8
19031.3 23261.2
52568.1 9500.41
25379.2 86529.1
44822.5 45963.9
25611.1 357.067
61684 79689.9
76839.5 31794.2
15732.3 14572.6
79110.1 20294.8
88708.2 45262
155.644 73638.1
79403.1 45350.5
31632.4 86675.6
34611 61235.4
92370.4 11087.4
3656.12 64772.5
44380 54222.2
7217.63 67839.6
37141 35142.1
61021.8 51924.2
45844.9 76073.5
45030.1 15912.4
19220.6 57264.9
58793.9 95126.2
2526.93 13519.7
53538.6 54796
51405.4 396.741
81634 11075.2
2127.14 8294.93
54081.9 82717.4
13974.4 52501
46632.3 26505.3
49250.8 17331.5
45155.2 59678.9
6659.14 82540.4
70897.5 22296.8
73613.7 10016.2
76241.3 82860.8
13095.5 19019.1
51616 40144
50746.2 27967.2
34138 24503.3
77758.1 90994
58656.6 51680
35197 7303.08
41792 32294.7
95434.4 31577.5
39625.2 90124.2
6225.78 63402.2
69621.9 92272.7
13165.7 43974.1
37458.4 44413.6
26026.2 38154.2
59346.3 54191.7
44718.8 29975.3
20490.1 15866.6
10409.9 9759.82
60313.7 19449.4
97503.6 80990
25043.5 37299.7
12015.1 64970.9
78331.9 91448.7
12060.9 31547
10489.2 54667.8
16019.2 33854.2
36991.5 88491.5
14004.9 75331.9
26847.1 71227.1
48326.1 87075.4
51500 19183.9
78466.1 43672
94842.4 54155.1
96288.9 95645
14999.8 20319.2
7052.83 46583.5
98501.5 3698.84
41886.7 53196.8
97418.1 57261.9
17307 76265.8
90212.7 84817
7455.67 60753.2
56761.4 86840.4
44651.6 73122.3
8322.4 21314.1
13876.8 73986
62978 82750.9
56846.8 54277.2
7208.47 52491.8
51274.1 12979.5
34260.1 23429.1
80944.2 4599.14
99847.4 52275.2
62236.4 34504.2
85891.3 42460.4
42732 30204.2
12891 10864.6
37498.1 66777.6
91555.5 41447.2
18701.7 74474.3
54277.2 78884.2
24164.6 6726.28
57185.6 65419.5
488.296 96578.9
93264.6 73986
46394.2 79766.2
7272.56 40717.8
71837.5 12482.1
53035.1 50041.2
38615.1 62044.1
83715.3 75389.9
98034.6 98471
15765.9 28739.3
91232 65227.2
57118.4 22058.8
27881.7 57155.1
40220.3 93759
8804.59 83758
50648.5 3347.88
8148.44 45991.4
91799.7 47376.9
80788.6 4614.4
76354.3 99749.7
10513.6 68303.5
85140.5 29639.6
64705.3 79589.2
83983.9 12.2074
71022.7 26789.1
39191.9 99987.8
81856.7 60039.1
22321.2 14053.8
42039.2 39539.8
44789 81395.9
25537.9 94167.9
13022.2 48320
56709.5 18555.3
44731 67021.7
81731.6 86779.4
36930.4 43708.6
5893.12 10757.8
26361.9 89336.8
62300.5 21540
32908.1 75936.2
27646.7 1513.72
26645.7 51774.7
50712.6 45768.6
9161.66 18430.1
9146.4 80645.2
49748.2 22873.6
60231.3 17667.2
67088.8 67745
1165.81 70937.2
97109.9 92904.4
4614.4 16113.8
37568.3 31412.7
45008.7 19168.7
10025.3 93023.5
81331.8 12921.5
29831.8 78368.5
11972.4 49623.1
24738.3 76909.7
67256.7 7589.95
92767.1 51820.4
55308.7 80098.9
39982.3 64900.7
26865.4 24591.8
88744.8 44648.6
74657.4 421.155
97097.7 50639.4
32960 73128.5
79949.3 37296.7
93017.4 13480
72588.3 70220
99853.5 69383.8
27225.6 98159.7
46192.8 38718.8
83199.6 33805.4
29068.9 21317.2
1376.38 46467.5
84740.7 78161
3506.58 19797.4
67564.9 75908.7
7016.21 77694
88433.5 44932.4
95992.9 31461.5
78417.3 28925.4
18881.8 51426.7
93209.6 54268
53611.9 16061.9
24036.4 97201.5
30674.2 41776.8
30619.2 77028.7
54884.5 46516.3
61858 53376.9
16367.1 50251.8
79793.7 55717.6
31458.5 65529.3
52559 23200.2
4065.07 81160.9
31876.6 83004.2
48213.1 92230
80752 45258.9
62306.6 79491.6
66994.2 42719.8
95806.8 91320.5
88186.3 93270.7
98895.2 31318.1
43702.5 13400.7
95776.2 4709.01
19458.6 60826.4
72237.3 26673.2
943.022 34275.3
18100.5 45664.8
80221 8676.41
15167.7 84954.4
72490.6 33799.2
11301 55427.7
7858.52 74492.6
71276 42802.2
13907.3 20667.1
44993.4 22385.3
54728.8 45115.5
43726.9 4498.43
42005.7 37318
64980 63692.1
83831.3 91345
56605.7 54860.1
86788.5 75969.7
60823.4 69414.3
77034.8 65181.4
28724 34611
55906.9 57115.4
45930.4 9167.76
55763.4 59621
59978 78301.3
11612.3 70549.6
50123.6 1272.62
14215.5 30890.8
30140.1 14667.2
60222.2 78884.2
24726.1 44377
65053.3 83236.2
10217.6 29557.2
54051.3 83559.7
60133.7 11603.1
97613.5 16171.8
86266.7 91287
5874.81 53361.6
15887.9 7187.11
48606.8 34260.1
95721.3 38544.9
15894 15439.3
63274 85628.8
85323.6 19367
76223 30793.2
11169.8 8819.85
40376 33320.1
1333.66 65431.7
26947.8 61146.9
97582.9 424.207
19669.2 12686.5
24698.6 75734.7
82445.8 31760.6
24283.6 63579.2
88100.8 68843.7
38660.8 22653.9
98941 91729.5
60667.7 19034.4
39643.5 98718.2
14853.4 69945.4
53187.7 37470.6
85790.6 38486.9
80410.2 82689.9
59010.6 57490.8
53795 75631
90350 10577.7
46202 78750
69158 48582.4
65038 48445.1
91134.4 69435.7
32602.9 79125.3
6320.38 39671
43192.8 21662
57960.8 85659.4
37556.1 29422.9
77736.7 32645.6
85384.7 34919.3
53148 19852.3
16428.1 10278.6
32535.8 69591.4
90881.1 14627.5
83459 38654.7
49607.8 81487.5
69975.9 30051.6
34946.7 49366.7
64549.7 93218.8
22571.5 88638
60109.3 90807.8
55168.3 27787.1
97940 60249.6
18460.6 32273.3
77019.6 48124.6
50270.1 38984.3
60438.9 45530.6
23169.7 99523.9
44499 2539.14
91448.7 35392.3
6128.12 49910
42909 58232.4
94268.6 6106.75
46205 58189.6
80794.7 97842.3
34299.8 13617.4
36671 72176.3
14673.3 25165.6
48887.6 28385.3
46937.5 27402.6
43879.5 47651.6
78438.7 81133.5
32981.4 48738.1
78487.5 99459.8
45600.8 47764.5
61873.2 10803.6
65712.5 50227.4
42237.6 11938.8
37272.3 53331.1
5963.32 14188.1
54243.6 86846.5
47203 35929.4
772.118 70525.2
54643.4 44483.8
57222.2 16263.3
90685.8 582.904
37620.2 53129.7
53605.8 8459.73
74214.9 3332.62
63362.5 24765.8
14676.4 87328.7
61650.4 29358.8
47679.1 86117.1
66856.9 11185
22354.8 38941.6
74501.8 72277
77404.1 4397.72
43824.6 3051.85
45313.9 63216
61134.7 32059.7
47471.5 90701
20523.7 3201.39
45667.9 77080.6
12610.2 83690.9
65709.4 23792.2
61900.7 55739
58690.1 93902.4
3402.81 95187.2
15628.5 44712.7
39155.2 90182.2
1004.06 20767.8
65221.1 2981.66
20902.1 35288.6
9836.12 28104.5
91317.5 18247
73336 49827.6
22302.9 59144.9
10409.9 52278.2
83578 22650.8
45423.7 85165
67152.9 65218.1
61336.1 38297.7
12714 30796.2
52879.4 28034.3
11285.7 53773.6
84649.2 48747.2
52839.7 47279.3
44648.6 92468
33497.1 4931.79
34034.2 89816
87920.8 94241.2
83556.6 75353.3
62498.9 69670.7
37415.7 30448.3
95019.4 83620.7
95135.3 6851.41
16367.1 23337.5
52021.9 83999.1
39967 51942.5
28949.9 63283.2
54500 81685.8
31968.1 52342.3
85592.2 57557.9
32441.2 42506.2
42066.7 79369.5
8331.55 32544.9
12399.7 40427.9
37226.5 1818.9
26972.3 10965.3
81743.8 85989
51796 44386.1
57954.6 58348.3
29291.7 34504.2
27445.3 70009.5
31775.9 1892.15
3613.39 51930.3
43241.7 37452.3
12881.9 32044.4
35126.8 81316.6
1376.38 70516.1
51619 65260.8
27777.9 66283.2
70152.9 96688.7
32911.2 38050.5
52760.4 12360
26715.9 32779.9
53840.8 79973.8
83230.1 64873.2
100000 75695.1
84206.7 39124.7
7596.06 15830
1989.81 60600.6
53611.9 70711.4
62276.1 84560.7
65440.8 38892.8
77358.3 9518.72
45277.3 9897.15
90542.3 66637.2
94692.8 93508.7
22293.8 8474.99
55021.8 43797.1
58784.8 50346.4
29197.1 56028.9
73421.4 67272
674.459 64510
22037.4 99774.2
15018.2 19562.4
2328.56 71550.6
39835.8 71718.5
18161.6 72215.9
68639.2 41248.8
39408.6 8178.96
84301.3 1199.38
97912.5 74840.5
47669.9 52009.6
10181 53163.2
27039.4 15848.3
67522.2 83828.2
34049.5 28830.8
84124.3 22013
81643.1 59181.5
43800.2 25998.7
29746.4 29520.6
35999.6 82650.2
34257 71361.4
21677.3 22962.1
64967.8 89971.6
19687.5 30777.9
8069.09 67705.3
54307.7 97759.9
18854.3 83935.1
54509.1 27799.3
40232.6 79711.3
45634.3 43989.4
52693.3 45277.3
24051.6 1193.27
71340.1 58558.9
55470.4 57478.6
55613.9 52754.3
87502.7 7400.74
47352.5 41145.1
17087.3 30384.2
2786.34 77272.9
3473.01 57219.2
34086.1 78576
67278.1 7870.72
26142.2 91650.1
66338.1 3698.84
44132.8 27201.1
88940.1 7223.73
97561.6 42890.7
55046.2 92535.2
76335.9 2121.04
66158 99505.6
24576.6 86950.3
94454.8 74932.1
67723.6 93206.6
51780.8 53685.1
58586.4 85989
29166.5 83040.9
57985.2 43604.8
47489.9 43293.6
15552.2 68150.9
9851.37 67803
66402.2 90771.2
96395.8 15546.1
9198.28 49824.5
92071.3 99374.4
81322.7 69972.8
88094.7 23004.9
96722.3 20407.7
47605.8 29993.6
62086.9 80303.4
76265.8 17691.6
36982.3 89581
88299.2 19391.5
53514.2 13205.4
8734.4 7754.75
61232.3 97051.9
2359.08 22666.1
12823.9 43488.9
70070.5 76601.5
56285.3 84850.6
3216.65 40684.2
49116.5 82836.4
36631.4 64525.3
60252.7 32065.8
40080 64223.2
9186.07 6073.18
57277.1 1181.07
91009.2 34510.3
97042.8 32667
20859.4 17447.4
86196.5 51054.4
61366.6 12546.2
