21128 37693.4
96285.9 21723.1
36121.7 6399.73
40913.1 32322.2
78777.4 13763.8
78981.9 44712.7
75511.9 84975.7
34318.1 23624.4
15103.6 44489.9
74813.1 66240.4
28159.4 60380.9
52504 26319.2
72991.1 86538.3
1693.78 19003.9
43598.7 30829.8
35700.6 59413.4
65343.2 27402.6
32831.8 38114.6
93920.7 41169.5
52284.3 86703.1
83303.3 82671.6
70534.4 36469.6
38236.6 61409.3
78847.6 23413.8
16946.9 55778.7
32563.2 42652.7
99649 27726.1
92767.1 5343.79
88506.7 60277.1
50944.5 1327.56
54677 45997.5
77297.3 20496.2
98040.7 4611.35
83303.3 36127.8
35230.6 57799
39143 3222.75
81661.4 39375
36686.3 75038.9
43055.5 68929.1
38538.8 90875
82238.2 67076.6
3906.37 38297.7
76686.9 40421.8
31818.6 42915.1
32584.6 14401.7
12350.8 88781.4
70897.5 42069.8
26502.3 22602
51176.5 67000.3
85317.5 44889.7
48661.8 68425.6
48878.4 41093.2
50346.4 66713.5
15839.1 55955.7
85601.4 17325.4
24066.9 64104.1
56993.3 71376.7
53032 40110.5
86938.1 30915.3
68611.7 81041.9
45777.8 77068.4
881.985 84701.1
76952.4 99148.5
95553.5 36646.6
84838.4 2868.74
29624.3 9146.4
927.763 25800.3
31998.7 25138.1
93972.6 38145.1
99527 90374.5
39622.2 57014.7
49223.3 46849
15360 52299.6
97244.2 50660.7
36185.8 72277
5218.67 27369
96768.1 67043.1
84633.9 8059.94
35657.8 37955.9
99798.6 99182.1
87231.1 91155.7
60097 89285
36887.7 23316.1
42146.1 45814.4
45274.2 17761.8
32395.4 5075.23
56999.4 79033.8
30927.5 8465.83
59611.8 84087.6
6976.53 88131.4
8343.76 78200.6
46842.9 55162.2
82351.1 93728.4
84817 93459.9
87960.4 19849.2
57719.7 12375.3
74687.9 1409.96
73732.7 61293.4
79509.9 94979.7
36079 59196.8
65117.3 60274.1
12225.7 42472.6
67741.9 15048.7
89223.9 83941.2
20139.2 31608
5792.41 86336.9
65453 3006.07
1806.7 3308.21
27454.5 57145.9
75771.4 91113
52925.2 46809.3
90929.9 44032.1
91668.4 93820
20651.9 16803.5
29886.8 15421
73690 86993
42494 11014.1
89922.8 60591.4
79976.8 37351.6
47279.3 73882.3
55467.4 50352.5
70378.7 94717.2
47663.8 41648.6
81566.8 76335.9
85134.4 47950.7
84966.6 66863
27741.3 61433.8
24155.4 27570.4
10751.7 19183.9
4101.69 63069.6
67253.6 99905.4
17984.6 16528.8
94518.9 5948.06
69512 33094.3
79958.5 58854.9
31388.3 44526.5
52241.6 86443.7
30536.8 78334.9
73268.8 29691.5
686.666 44377
36561.2 47413.6
92989.9 2185.13
87731.6 46949.7
85256.5 62038
32654.8 18933.7
80459 22959.1
48951.7 4306.16
35108.5 762.963
66426.6 71666.6
8148.44 49259.9
32062.7 33097.3
70973.8 27735.2
25226.6 76622.8
69209.9 17874.7
38679.2 43333.2
76879.2 43199
91042.8 27436.1
33558.2 94174
86336.9 27213.4
5209.51 12106.7
86202.6 25128.9
59212 34980.3
10455.6 25144.2
94320.5 58275.1
31586.7 25373.1
16110.7 13995.8
78804.9 54249.7
98577.8 20993.7
17322.3 48255.9
22452.5 9656.06
18427.1 99398.8
30958 74196.6
86001.2 50541.7
93517.9 55543.7
55119.5 66701.3
18124.9 8078.25
28351.7 60451.1
2987.76 53260.9
65367.6 99545.3
68007.4 73265.8
91485.3 74913.8
56804.1 47837.8
40806.3 57097.1
49864.2 87411.1
99554.4 19336.5
79451.9 65617.8
65181.4 55327
86883.1 4382.46
86990 69878.2
12823.9 14642.8
3778.19 70513
61235.4 45875.4
44193.9 38197
27536.9 47544.8
5404.83 5270.55
31684.3 95562.6
75734.7 18738.4
46751.3 86941.1
16824.9 17056.8
63634.1 55723.7
71056.2 98486.3
82515.9 13318.3
9717.09 9192.18
71721.5 66405.2
87688.8 29218.4
84579 15439.3
20127 84380.6
74895.5 87044.9
46928.3 62306.6
1724.3 3210.55
421.155 60704.4
63988.2 40620.1
42075.9 45945.6
55610.8 83083.6
83745.8 50169.4
81801.8 20288.7
59108.2 84945.2
27076 95953.2
60957.7 99697.9
15677.4 58522.3
9891.05 62968.8
54988.3 17532.9
70113.2 94653.2
2581.87 58754.2
77895.4 27332.4
47550.9 21259.2
98391.7 24854.3
46681.1 89523
76378.7 36243.8
6158.64 3677.48
96563.6 13095.5
49412.5 41093.2
19101.5 68578.1
61699.3 72328.9
5929.75 6152.53
52076.8 44630.3
3530.99 96148.6
23395.5 96139.4
97799.6 28305.9
90911.6 53810.2
6546.22 18451.5
40137.9 18320.3
25409.7 97357.1
64650.4 88970.6
92623.7 59965.8
74300.4 31754.5
88412.1 3128.15
14633.6 43751.3
34556.1 29886.8
88064.2 16882.8
9796.44 48512.2
17371.1 54249.7
46662.8 44404.4
42274.2 42100.3
25376.1 52949.6
89605.4 30628.4
30469.7 11475
7733.39 26639.6
85702.1 18463.7
5908.38 51289.4
32929.5 78078.6
89059.1 65971.9
70546.6 58186.6
28763.7 19495.2
17120.9 39982.3
60982.1 19684.4
15848.3 87347
51130.7 82515.9
45457.3 14017.2
17206.3 61891.5
53163.2 76805.9
51524.4 13260.3
75368.5 72832.4
31708.7 94097.7
61613.8 69069.5
61595.5 54442
67534.4 42167.4
32590.7 20609.1
32349.6 56804.1
46220.3 25183.9
6564.53 60612.8
88390.8 86422.3
45493.9 23844.1
96060.1 90194.4
34214.3 1882.99
6909.39 77605.5
59605.7 48725.9
32648.7 91378.5
95080.4 59578.2
46562.1 84191.4
13623.5 70674.8
25971.3 41999.6
94805.7 94442.6
40177.6 25574.5
41322.1 18146.3
24543 83306.4
70784.6 44142
31342.5 38404.5
98269.6 99841.3
97982.7 3680.53
75368.5 95529
23227.6 26957
1266.52 58189.6
92089.6 20279.5
71559.8 19391.5
39915.2 76049.1
80327.8 85415.2
96429.3 23169.7
41227.5 67741.9
216.681 26404.6
43098.2 2008.12
24405.7 81969.7
5795.46 33567.3
4028.44 12573.6
51832.6 97769.1
5844.29 14990.7
59465.3 73101
31125.8 63298.4
12842.2 35300.8
92071.3 20886.9
14890 90582
52513.2 64418.5
78450.9 16049.7
73473.3 72783.6
61415.4 85531.2
54243.6 84252.4
61427.7 8801.54
9598.07 74910.7
35749.4 62505
73757.1 61491.7
61973.9 40705.6
71730.7 81768.2
5178.99 3372.3
48692.3 55595.6
7150.49 50785.9
97955.3 79754
63283.2 2072.21
78228.1 59678.9
2838.22 5963.32
60744 31287.6
38111.5 61888.5
96908.5 75899.5
98196.4 79567.9
47044.3 81487.5
12912.4 55195.8
60960.7 53346.4
62605.7 92349
50834.7 27277.4
59321.9 45747.2
47141.9 88445.7
75130.5 15997.8
78222 49043.2
83068.3 73430.6
64058.4 87835.3
26465.7 39164.4
65010.5 4770.04
82180.2 1532.03
75985 93755.9
33402.5 95971.6
6781.21 86690.9
17682.4 26508.4
39198 71953.5
65758.2 57017.7
1480.15 40406.5
96813.9 50245.7
50822.5 62065.5
85848.6 82912.7
4474.01 46556
68703.3 14825.9
10126 90505.7
433.363 40287.5
96151.6 64931.2
32606 99801.6
92379.5 45848
25177.8 80300.3
61986.1 41123.7
58580.3 81942.2
35157.3 16748.6
61595.5 79656.4
85122.2 75679.8
20703.8 57521.3
37192.9 92303.2
86498.6 44135.9
51451.2 55720.7
42774.7 27073
69679.9 24939.7
53965.9 74590.3
67186.5 49098.2
56508.1 42652.7
119.022 55842.8
9781.18 95471.1
88949.2 61027.9
72252.6 17606.1
28647.7 2798.55
18402.7 45838.8
66332 53230.4
62175.4 98846.4
36845 10620.4
2398.75 32889.8
97003.1 25577.6
55986.2 1593.07
49089 64024.8
94409 47953.7
94250.3 60228.3
49122.6 6671.35
6363.11 63014.6
1590.01 45020.9
67085.8 28260.1
23462.6 20252.1
52601.7 60789.8
82598.3 81765.2
12811.7 58833.6
80526.1 96121.1
33497.1 64122.4
36991.5 23032.3
22110.7 70809
87173.1 20453.5
7849.36 96252.3
7232.89 6888.03
96603.3 66896.6
33814.5 59080.8
71385.8 22272.4
93112 73122.3
78942.2 90307.3
5111.85 67241.4
93078.4 37037.3
78707.2 54246.7
95388.7 43873.4
63182.5 61867.1
63988.2 15521.7
71846.7 29038.4
10882.9 71703.2
43293.6 56325
58589.4 25748.5
56044.2 38532.7
96636.9 3311.26
62074.6 57704.4
8587.91 4150.52
54969.9 64558.9
10187.1 60280.2
38224.4 26569.4
89263.6 93478.2
9396.65 70738.9
88009.3 25370
25699.6 99237
18283.6 43168.4
66649.4 6009.09
50553.9 74184.4
59428.7 72518.1
67049.2 72270.9
82561.7 70641.2
19861.4 69301.4
13516.6 51011.7
84502.7 94808.8
35923.3 44749.3
49620 16910.3
71938.2 56859
33466.6 7672.35
55452.1 79311.5
67748 85964.5
11749.6 1998.96
39478.7 41029.1
59224.2 49678
31473.7 89806.8
98791.5 22959.1
52104.3 71190.5
6631.67 71599.5
94918.7 30317.1
95880 78087.7
18778 96020.4
62852.9 79732.7
89153.7 4562.52
83529.2 7342.75
71123.4 72814.1
75786.6 68654.4
14807.6 73925
93139.4 54564
23783.1 18695.6
65508 96392.7
47132.8 95739.6
52708.5 52208
85754 73509.9
26233.7 50413.5
53566.1 17441.3
45024 68642.2
84200.6 25199.1
40763.6 76171.1
23831.9 33222.4
78389.8 17899.1
790.429 97717.2
7431.26 68096
12515.6 3137.3
69792.8 31946.8
20542 1391.64
79574 23126.9
94128.2 34775.8
40638.4 95443.6
93115 45851
17462.7 56718.6
30692.5 27378.2
24945.8 43015.8
6662.19 15375.2
52781.8 81356.2
51829.6 78499.7
90038.8 19016.1
74160 6811.73
65553.8 47578.4
47318.9 53126.6
69759.2 99801.6
32218.4 29963.1
73610.6 47489.9
72194.6 15344.7
10168.8 78472.2
52436.9 70473.3
34547 80773.3
64314.7 22455.5
27753.5 12167.7
65199.7 15207.4
60164.2 83205.7
74434.6 81624.8
80126.3 31815.5
96032.6 40171.5
43430.9 17676.3
8789.33 69029.8
49220.3 14398.6
14404.7 60878.3
97936.9 27707.8
84191.4 11493.3
37006.7 17725.2
95092.6 45243.7
9826.96 53462.3
95565.7 30625.3
73693 77687.9
91964.5 88979.8
2291.94 10254.2
96066.2 49464.4
38419.8 68038
24341.6 53480.6
12482.1 29584.6
89639 61613.8
92474.1 22641.7
75820.2 66231.3
80993.1 62633.1
36094.2 62895.6
24982.5 20255.1
5575.73 83669.5
53782.8 46293.5
68709.4 45469.5
11120.9 31785
72234.3 16589.9
96670.4 31672.1
24268.3 54500
82818.1 30048.5
70155.9 18051.7
22241.9 75124.4
85677.7 7269.51
11948 62053.3
78298.3 33741.3
29346.6 91744.7
37015.9 74843.6
6054.87 83748.9
21512.5 14868.6
55012.7 71401.1
31135 26191
16528.8 57298.5
44410.5 93585
38926.4 57249.7
69716.5 34843
59337.1 10846.3
97656.2 20825.8
369.274 86739.7
95867.8 48014.8
48197.9 60783.7
36805.3 66753.1
27692.5 95141.5
99188.2 18265.3
40308.8 96505.6
33649.7 83605.5
80236.2 81545.5
33353.7 97622.6
94537.2 27686.4
24.4148 31107.5
2813.81 37397.4
46195.9 94228.9
42124.7 94045.8
24146.2 64363.5
52653.6 37504.2
22275.5 91491.4
69893.5 37604.9
19437.2 84237.2
38847 93551.4
37958.9 29706.7
15949 37458.4
85860.8 50242.6
74306.5 70107.1
29001.7 50212.1
77877.1 7040.62
83733.6 55949.6
40220.3 63158.1
70632 2017.27
33451.3 53892.6
20069 66856.9
63005.5 41114.5
70107.1 10962.2
73842.6 1916.56
47410.5 20786.2
3750.72 48326.1
71816.2 11340.7
49311.8 76162
75136.6 90789.5
60194.7 71095.9
74849.7 40040.3
27414.8 50068.7
93307.3 10513.6
81142.6 66197.7
63063.4 93197.4
63713.5 55250.7
8978.55 62114.3
93456.8 51893.7
47685.2 45326.1
84969.6 53746.1
95062.1 26624.3
41474.7 61449
22364 30964.1
84853.7 72801.9
51603.7 96868.8
38999.6 59147.9
30771.8 88815
32142.1 2111.88
79650.3 52833.6
33713.8 18802.5
46662.8 68376.7
91430.4 53618
67564.9 99575.8
84170 64784.7
66463.2 99096.7
56325 83742.8
89858.7 67592.4
49211.1 75518.1
14337.6 22003.8
95156.7 78176.2
18506.4 75731.7
89944.2 49519.3
59794.9 83861.8
9170.81 99130.2
46794 56569.1
84191.4 33890.8
47724.8 93789.5
3247.17 95110.9
25632.5 44306.8
53431.8 15356.9
41010.8 42408.5
69087.8 73177.3
12387.5 25162.5
2270.58 73760.2
75591.3 83504.7
80929 33719.9
32221.4 50254.8
70378.7 98095.6
28046.5 78136.5
3741.57 67708.4
51893.7 10995.8
96951.2 65004.4
95666.4 1290.93
13934.8 16467.8
66118.4 76998.2
97659.2 79812
89031.6 11038.5
32557.1 93954.3
96374.4 96429.3
54103.2 80031.7
37104.4 80141.6
71007.4 71489.6
2240.06 58937.3
15775 1379.44
4791.41 90218.8
89220.9 25058.7
5221.72 21027.3
14496.3 6299.02
23026.2 88381.6
66390 45066.7
25077.1 93957.3
91378.5 74968.7
31351.7 6372.26
84167 8590.96
28650.8 94109.9
36274.3 58806.1
32987.5 42207.1
22342.6 14160.6
91192.4 55906.9
39735.1 96517.8
62422.6 4306.16
67091.9 79021.6
70189.5 7193.21
57463.3 92581
65483.6 18158.5
31632.4 98895.2
91705.1 7123.02
87258.5 58272
91918.7 95431.4
89458.9 70244.5
49186.7 46549.9
58473.5 15189.1
466.933 65630.1
20026.2 75048.1
14813.7 10913.4
33979.3 61256.8
76448.9 70241.4
66972.9 28055.7
63316.8 5652.03
24601 99249.2
61827.4 19360.9
8804.59 86568.8
8294.93 44065.7
16077.2 27793.2
97811.8 10846.3
42112.5 22681.4
51072.7 97720.3
8520.77 94906.5
79903.6 11951
77260.7 58073.7
41987.4 9335.61
68358.4 13986.6
25504.3 3463.85
46604.8 61250.6
54261.9 68184.5
92794.6 42350.5
53975 86352.1
25183.9 7333.6
70299.4 47969
86758 22232.7
79226.1 50898.8
63933.2 308.237
80523.1 7214.58
52360.6 84310.4
14774 8352.92
35380.1 57796
94708.1 52174.4
90847.5 13712
91357.2 85064.2
91848.5 58317.8
65801 62199.8
17041.5 78551.6
86974.7 79113.1
36161.4 51060.5
26264.2 77645.2
86327.7 20905.2
69487.6 79470.2
4846.34 28147.2
36875.5 50254.8
34052.6 10376.3
51692.3 47627.2
63844.7 59398.2
48091.1 56050.3
27536.9 60075.7
58894.6 61735.9
16693.6 89590.1
73842.6 70726.6
30481.9 5136.27
8990.75 23252.1
25254.1 98239.1
77880.2 7535.02
79949.3 43766.6
5047.76 26078.1
42902.9 21845.1
72606.6 17682.4
75798.8 40714.7
40382.1 88198.5
60231.3 38682.2
30390.3 53218.2
82659.4 93325.6
16126 45817.4
63255.7 16031.4
7403.79 92425.3
44361.7 60029.9
71321.8 10013.1
4113.9 19986.6
79955.4 27701.7
10904.3 51377.9
25486 85869.9
84283 87682.7
93298.1 15970.3
77910.7 83547.5
33704.6 54112.4
50254.8 62080.8
22974.3 91555.5
38557.1 94351
54191.7 15256.2
1773.13 89236.1
48649.6 41575.4
48063.6 21762.7
28379.2 96252.3
12509.5 78051.1
40421.8 43833.7
613.422 44941.6
73497.7 19605.1
63280.1 22550.1
57664.7 67214
18829.9 87725.5
87640 35044.4
87746.8 86648.2
60344.2 34559.2
55711.5 84658.3
67354.4 13635.7
30610.1 51402.3
32853.2 48085
9094.52 9503.46
37714.8 4449.6
18335.5 24793.2
20346.7 77245.4
48609.9 66277
94909.5 53682.1
42329.2 13977.5
77553.6 9125.03
55128.6 42725.9
61293.4 86291.1
54661.7 60066.5
30115.7 61360.5
72713.4 26380.2
52998.4 50160.2
76259.7 35377.1
48417.6 57490.8
73082.7 83047
59996.3 22724.1
17612.2 3210.55
33906.1 64870.1
32551 97833.2
38667 80111.1
11978.5 40116.6
17926.6 95059.1
21494.2 78658.4
16895 28775.9
61085.8 20639.7
73043 66707.4
6289.86 22281.6
11642.8 99658.2
93331.7 64619.9
36872.5 30942.7
63783.7 42799.2
59013.6 4806.67
34485.9 46925.3
48414.6 59279.2
8224.74 62675.9
56852.9 56535.5
90908.5 69737.8
96878 93978.7
30747.4 66243.5
19806.5 49046.3
45225.4 97305.2
82995.1 60972.9
51292.5 15741.4
46919.2 2578.81
64565 53218.2
92873.9 45228.4
83077.5 29804.4
1687.67 70061.3
21225.6 80175.2
84307.4 28653.8
9546.19 24503.3
4660.18 6222.72
25910.2 62239.4
85616.6 90481.3
73830.4 16837.1
38508.3 99276.7
73415.3 9607.23
6964.32 70162.1
80687.9 90771.2
65593.4 65007.5
820.948 5880.92
64189.6 92754.9
10962.2 25730.2
58064.5 3463.85
58229.3 17828.9
15140.2 56813.3
48545.8 87640
40421.8 18067
91924.8 67647.3
8490.25 84786.5
19809.6 82418.3
44602.8 97262.5
40110.5 67735.8
45078.9 35898.9
45579.4 71999.3
77553.6 58647.4
41099.3 17947.9
51735 81548.5
5578.78 52864.2
1309.24 55635.2
54014.7 65382.9
67601.6 43192.8
15384.4 97030.5
25583.7 46583.5
91995 26612.1
42960.9 92739.6
15875.7 55583.4
12823.9 26422.9
67900.6 72490.6
50584.4 15436.3
75191.5 24689.5
95812.9 20822.8
52507.1 75383.8
9530.93 35273.3
3176.98 74120.3
7721.18 42805.3
45228.4 18948.9
21494.2 2853.48
78353.2 38242.7
24720 11908.3
57298.5 70409.3
19623.4 45805.2
87350.1 69563.9
21027.3 35816.5
7483.14 15305
29853.2 81649.2
76870 54728.8
36500.1 54490.8
30283.5 54765.5
44737.1 93209.6
18137.2 93041.8
56715.6 46836.8
96646 65276
9759.82 66493.7
83861.8 37476.7
5533.01 99816.9
47141.9 20935.7
22190 91085.5
37672 98214.7
50196.8 40107.4
37699.5 78237.3
42384.1 23038.4
36088.1 8615.38
18891 28232.7
97799.6 23313.1
17624.4 10260.3
42964 53785.8
30832.9 15213.5
1150.55 81731.6
18457.6 80416.3
56440.9 61555.8
38847 61696.2
48945.6 90719.3
87502.7 91296.1
48408.5 56007.6
84435.6 19595.9
65508 33961
790.429 43730
16446.4 73494.7
65367.6 76253.5
6530.96 38865.3
41602.8 56965.8
48286.4 41154.2
15750.6 61046.2
79778.4 36304.8
86770.2 6561.48
98760.9 17920.5
98614.5 14557.3
78264.7 82903.5
5523.85 24781
79256.6 98049.9
10974.5 20206.3
25983.5 45790
70833.5 63475.4
59669.8 77117.2
1437.42 98376.4
36103.4 49879.5
83196.5 19476.9
82860.8 80553.6
253.304 63069.6
81661.4 87618.6
7004 22498.2
91598.3 54646.4
61903.7 41053.5
78774.4 91265.6
19351.8 85515.9
68025.8 20065.9
20175.8 53483.7
82345 67650.4
71373.6 17648.9
85604.4 87871.9
55751.2 60057.4
94253.4 95443.6
62059.4 99578.8
73564.9 38026.1
76271.9 65648.4
84078.5 84914.7
24597.9 21411.8
93871.9 60429.7
8920.56 89446.7
22278.5 204.474
25196.1 83086.6
30665 58412.4
5514.69 96606.3
25913.3 44096.2
74410.2 57252.7
92223.9 14758.8
60057.4 92379.5
16843.2 5264.44
50969 14676.4
25403.6 20236.8
38834.8 78759.1
