59273 88012.3
91695.9 34626.3
43882.6 69499.8
73220 82830.3
18173.8 49836.7
48246.7 43946.7
23700.7 18567.5
24439.2 12701.8
32667 27164.5
80648.2 42652.7
15765.9 70574.1
2420.12 5160.68
86770.2 43168.4
8328.5 18146.3
64503.9 22290.7
32755.5 22635.6
42832.7 82400
80718.4 35334.3
9268.47 93035.7
20438.2 55259.9
2862.64 3692.74
29181.8 52641.4
51936.4 68761.3
58079.8 18128
82363.4 15555.3
31495.1 518.815
36957.9 8737.45
46601.8 11059.9
96646 14056.8
88775.3 22479.9
43968 14685.5
28434.1 40879.5
59669.8 83211.8
14948 78594.3
92843.4 62395.1
33240.8 6155.58
95376.4 57875.3
38706.6 11505.5
61275.1 95889.2
36094.2 44505.1
61491.7 49150.1
17938.8 74974.8
14868.6 84057.1
28199.1 42313.9
85885.2 32252
66713.5 24848.2
49714.7 39790
91.5555 7034.52
15375.2 96908.5
94705 72624.9
47447.1 1629.69
37330.2 1950.13
77077.5 60258.8
59163.2 1428.27
42851 77910.7
28717.9 43418.7
52205 42228.5
29361.9 44550.9
3918.58 53379.9
86993 60661.6
62422.6 3442.49
63557.8 26450.4
24439.2 58369.7
82027.6 18009
68669.7 45591.6
98425.2 66289.3
29075 415.052
86547.4 99694.8
82470.2 74337
51030 43916.1
90933 58400.2
34321.1 57084.9
89782.4 24698.6
33271.3 28415.8
61650.4 39198
90871.9 18469.8
87325.7 48945.6
78844.6 69106.1
13971.4 96823
36668 61323.9
31385.2 66982
82677.7 49055.5
96829.1 14044.6
62843.7 47068.7
99172.9 79244.4
52900.8 1098.67
2902.31 46565.1
79390.9 18335.5
62630.1 42091.1
75292.2 86364.3
48732 29621.3
35856.2 58735.9
74767.3 5691.7
90234.1 35261.1
67259.7 47157.2
54567.1 15128
68492.7 14416.9
82155.8 51033.1
12933.7 63444.9
76305.4 82381.7
67934.2 69728.7
81505.8 75743.9
79277.9 17233.8
18536.9 50636.3
12271.5 55565.1
79183.3 18802.5
28956 78386.8
46095.2 15076.1
92065.2 26255.1
53511.2 47987.3
36378.1 67024.8
54396.2 48197.9
98083.4 56874.3
9674.37 42945.6
42756.4 35163.4
65138.7 34562.2
82625.8 56163.2
31684.3 11224.7
23688.5 10858.5
34501.2 68071.5
33362.8 41901.9
46821.5 66777.6
69246.5 4846.34
73857.8 11734.4
59651.5 78817.1
2587.97 70979.9
76531.3 79683.8
82964.6 19928.6
91372.4 78945.3
56181.5 36146.1
54774.6 81371.5
95678.6 23163.5
90249.3 64552.8
76421.4 91558.6
42909 33524.6
38151.2 75356.3
73683.9 93511.8
58211 11951
39640.5 94000.1
99539.2 63582.3
51088 47190.8
49504.1 8557.39
46037.2 74025.7
15192.1 80352.2
72698.1 80849.6
90743.7 82616.7
20590.8 19861.4
62382.9 58375.8
90917.7 36521.5
66808.1 41373.9
46815.4 56929.2
68474.4 67824.3
34131.9 18421
71486.6 76613.7
13312.2 96444.6
31659.9 76104
93054 30817.6
84420.3 5673.39
6347.85 4571.67
54136.8 70110.2
19528.8 78429.5
60545.7 74953.5
14938.8 34067.8
87832.3 40992.5
37882.6 29322.2
32065.8 25931.6
48429.8 18402.7
92584 31440.2
68746 40290.5
22898 23682.4
66554.8 28418.8
6863.61 45423.7
65364.5 44758.4
75615.7 47895.7
22043.5 91464
30970.2 20477.9
62456.1 3158.67
90911.6 46388.1
15680.4 73030.8
22733.2 62453.1
37519.5 15826.9
79552.6 51115.5
63884.4 20902.1
5716.12 42790
84667.5 98406.9
26828.8 56694.2
78786.6 71788.7
89925.8 58287.3
949.126 19705.8
69505.9 61418.5
60823.4 20465.7
4995.88 53358.6
85195.5 2130.19
85284 70769.4
3790.4 51426.7
45927.3 4806.67
49324 84545.4
94735.6 63432.7
12439.3 33002.7
31241.8 69084.7
42179.6 47666.9
75783.6 19815.7
32551 74031.8
73738.8 92059.1
85876 1968.44
90630.8 13065
93508.7 42970.1
63646.4 81276.9
24585.7 38065.7
25223.5 62578.2
63377.8 49549.9
64363.5 40739.2
85912.7 39591.7
41212.2 50019.8
16489.2 88915.7
20648.8 68160
54689.2 58610.8
40388.2 97839.3
13516.6 48265
79320.7 14728.2
59318.8 53489.8
41642.5 10281.7
94051.9 75994.1
22461.6 7376.32
70595.4 89309.4
70433.7 76918.9
81673.6 13321.3
13126 33555.1
13037.5 723.289
60710.5 38633.4
1544.24 88461
53547.8 88482.3
88723.4 17389.4
69402.1 16174.8
10480.1 73220
55821.4 84920.8
13592.9 51829.6
3335.67 1138.34
39524.5 2172.92
25125.9 25437.2
66310.6 49824.5
58720.7 9509.57
49031 54298.5
55430.8 37183.8
49571.2 3317.36
73076.6 97662.3
96243.2 97097.7
37678.2 69133.6
63927.1 25794.2
89703.1 40867.3
15356.9 93258.5
80507.8 51875.4
94134.3 90179.1
34620.2 74337
10132.1 69786.7
43440 19858.4
7953.12 29215.4
6033.51 96716.2
58937.3 49647.5
82604.4 96182.1
67506.9 98373.4
76287.1 36103.4
32343.5 45902.9
8908.35 39826.7
53090 1223.79
6292.92 78579.1
23194.1 18363
58778.6 55458.2
99499.5 77346.1
72527.2 59190.6
89202.6 92715.2
77333.9 65663.6
44859.2 52696.3
6439.41 15506.5
7995.85 42164.4
14099.6 45728.9
91973.6 52516.3
46433.9 3604.24
44737.1 31583.6
31223.5 20902.1
82110 76720.5
2310.25 76598.4
32157.4 24149.3
24149.3 26169.6
81371.5 37775.8
32221.4 25647.8
63176.4 50477.6
54850.9 28501.2
79500.7 61113.3
32129.9 83486.4
95941 40275.3
97512.7 11630.6
1205.48 47996.5
37745.3 90417.2
71437.7 16467.8
96743.7 23319.2
30015 924.711
39002.7 22843.1
43543.8 51847.9
38273.3 85122.2
44563.1 11526.8
6988.74 84286
21631.5 88219.9
32175.7 64644.3
67461.2 10934.8
33417.8 58882.4
25623.3 18027.3
8539.08 10318.3
26590.8 82693
82573.9 27423.9
53578.3 28507.3
25696.6 48664.8
28959 38135.9
55751.2 45854.1
61772.5 8322.4
90917.7 44059.6
47010.7 54292.4
68242.4 86294.1
57277.1 16702.8
93606.4 20993.7
17456.6 74260.7
38752.4 40546.9
3027.44 15094.5
51020.8 48847.9
52613.9 70104.1
91384.6 86138.5
35425.9 61284.2
66460.2 89153.7
64220.1 68254.6
70064.4 14792.3
94384.6 66057.3
99975.6 5349.89
99771.1 37382.1
65514.1 23493.1
65926.1 12323.4
51570.2 35074.9
91335.8 38801.2
54698.3 67961.7
37263.1 36771.8
56910.9 24900.1
16904.2 39356.7
52781.8 78688.9
64369.6 74001.3
95513.8 27616.2
74205.8 86809.9
77565.8 39454.3
52049.3 63161.1
11465.8 61992.2
67024.8 47734
26465.7 28333.4
46537.7 17093.4
46620.1 35038.3
4055.91 7907.35
65947.4 21219.5
40559.1 53987.2
86294.1 26780
10205.4 35200
33484.9 57838.7
90917.7 91488.4
17474.9 37519.5
50437.9 4959.26
52015.7 70250.6
48561.1 3369.24
99542.2 97598.2
66090.9 87917.7
56886.5 73888.4
1178.01 38657.8
47431.9 39655.8
23712.9 552.385
35316 21060.8
28269.3 3280.74
27375.1 33420.8
76390.9 18015.1
78350.2 16968.3
68706.3 4196.3
65086.8 82952.4
37571.3 49494.9
45289.5 98220.8
839.259 56044.2
66466.3 86410.1
67394 76113.2
40684.2 73848.7
35059.7 50282.3
50804.2 58327
71520.1 51323
3750.72 28827.8
18875.7 86834.3
96493.4 14374.2
12454.6 63798.9
10339.7 90090.6
54503 68208.9
99209.6 18619.3
33387.2 62810.1
87398.9 55031
28928.5 56169.3
42637.4 93298.1
94503.6 46137.9
39896.8 82540.4
56498.9 90859.7
81670.6 91079.4
21820.7 10443.4
90316.5 46504.1
33988.5 72435.7
38099.3 29822.7
68526.3 64177.4
30564.3 51832.6
8194.22 5224.77
8829 89864.8
88787.5 2945.04
86468.1 12970.4
55998.4 4358.04
86578 73757.1
24094.4 47431.9
94689.8 94903.4
76946.3 64903.7
93078.4 28553.1
2075.26 43760.5
92202.5 16687.5
98339.8 93517.9
24781 30570.4
47843.9 26401.6
18240.9 17459.6
92797.6 2578.81
11066 32642.6
7800.53 43556
28751.5 84957.4
8340.71 66844.7
84933 73903.6
85982.8 45057.5
23337.5 46513.3
10980.6 42555
66203.8 52037.1
92886.1 32737.2
84731.6 22608.1
39777.8 49119.5
57249.7 58052.3
6784.26 73348.2
30719.9 42857.1
74437.7 13223.7
51158.2 73549.6
47578.4 73928
78634 24524.7
15375.2 75484.5
52467.4 30481.9
63100.1 19699.7
22260.2 13568.5
76299.3 59587.4
10351.9 33417.8
27955 74474.3
21338.5 88122.2
89294.1 3921.63
64330 44319
54844.8 43519.4
3473.01 24524.7
22388.4 55739
2465.9 29789.1
18399.6 98962.4
78615.7 25846.1
9643.85 27768.8
32081.1 70857.9
91509.8 67677.8
65996.3 12884.9
93728.4 17383.3
62947.5 35227.5
94131.3 81688.9
33597.8 77700.1
80990 88219.9
2981.66 12051.8
54646.4 91039.8
50102.2 99606.3
9033.48 14322.3
66484.6 9204.38
83672.6 39191.9
49327.1 23706.8
26819.7 86809.9
94799.6 13025.3
60390 927.763
7196.26 1913.51
87218.8 82967.6
89541.3 10611.3
31376.1 82726.5
31202.1 96447.6
52092 97933.9
58296.5 74562.8
21936.7 85659.4
62328 45851
9888 38813.4
72826.3 10254.2
59920 30774.9
89526 93527
5694.75 81334.9
39756.5 65608.7
12054.8 47010.7
76659.4 78728.6
83846.6 88973.7
83809.9 3344.83
32786 21555.2
1965.39 90093.7
42967 94610.4
43470.6 35773.8
25586.7 12753.7
9997.86 81649.2
3585.92 44657.7
79226.1 22025.2
16791.3 25498.2
76088.7 51338.2
88189.3 5706.96
94235.1 27839
41938.5 49119.5
83288.1 82015.4
13806.6 33674.1
67558.8 47831.7
44572.3 57771.5
11829 44987.3
97091.6 5426.19
99847.4 90246.3
87594.2 73326.8
41090.1 66008.5
71892.5 12936.8
71550.6 24228.6
77077.5 90765.1
64021.7 53810.2
19342.6 19916.4
13620.4 89596.2
98602.3 66066.5
14114.8 91103.9
10428.2 80959.5
90710.2 69090.9
66078.7 66594.4
4864.65 88110
61070.6 23178.8
96878 23157.4
83080.5 84005.2
81701.1 98562.6
99697.9 90356.2
63792.8 87206.6
16669.2 9607.23
86455.9 98233
47331.2 49568.2
81438.6 31363.9
83724.5 72286.1
34312 25937.7
10162.7 60344.2
31315 82772.3
49766.5 38871.4
3262.43 87063.2
84637 6289.86
32145.1 10315.3
40293.6 77034.8
36054.6 19568.5
75005.3 89245.3
98062.1 71913.8
64604.6 80681.8
54646.4 22519.6
23441.3 85903.5
9332.56 24268.3
52119.5 57844.8
87160.9 47087
52586.4 66972.9
95559.6 95153.7
1229.9 81066.3
7339.7 50071.7
20645.8 78811
31357.8 18149.4
40604.9 292.978
86498.6 9909.36
88964.5 87554.6
44599.7 29938.7
3027.44 18271.4
57969.9 5212.56
2093.57 85775.3
37076.9 30048.5
11722.2 28431
94070.3 55751.2
80394.9 61610.8
17734.3 3128.15
79186.4 15277.6
95541.2 25989.6
25080.1 30408.6
48353.5 3717.15
18512.5 17285.7
93508.7 91100.8
35828.7 28867.5
1767.02 3497.42
67223.1 52287.4
63933.2 65477.5
40836.8 71672.7
32563.2 1071.2
23590.8 5359.05
54576.3 93749.8
39414.7 70650.3
60271 94228.9
95474.1 79229.1
24427 4293.95
57048.2 16382.3
65086.8 14694.7
61638.2 7135.23
95678.6 25269.3
12988.7 22385.3
96063.1 25421.9
45594.7 28254
18167.7 63103.1
335.704 31705.7
91814.9 80336.9
1910.46 25568.4
46342.4 43528.6
78597.4 86104.9
13721.1 46598.7
15057.8 26255.1
28696.6 15091.4
78777.4 57661.7
91641 89397.9
10727.3 64592.4
9735.4 15173.8
20960.1 42936.5
82091.7 19180.9
79668.6 7333.6
44428.8 98504.6
44386.1 19611.2
38972.1 1449.63
13989.7 41618.1
25153.4 28156.4
50016.8 65617.8
96765 29013.9
56032 25333.4
21164.6 29105.5
55626.1 40784.9
66222.1 56743.1
59657.6 30.5185
30527.7 4202.4
63380.8 30979.3
42594.7 98855.6
64095 66313.7
44590.6 12717.1
39906 54750.2
26310 88671.5
80266.7 21698.7
24921.4 11334.6
8871.73 32456.4
56196.8 872.829
89611.5 61058.4
92776.3 57692.2
56077.8 17929.6
55165.3 36295.7
55418.6 39460.4
31031.2 76366.5
47007.7 92590.1
88439.6 69158
46656.7 97589
98666.3 87417.2
56938.4 22101.5
34223.5 56852.9
74294.3 49626.1
57683 97387.6
13492.2 75515
66948.5 12204.4
40131.8 33646.7
12591.9 52821.4
51735 6894.13
52928.3 38233.6
98138.4 24497.2
62343.2 56288.3
81734.7 99475.1
58610.8 25425
28254 9198.28
64778.6 44883.6
68654.4 72283.1
71233.3 11496.3
22760.7 24836
13599 31251
25327.3 49305.7
32068.8 3650.01
85067.3 58943.4
27811.5 7101.66
17331.5 91100.8
82097.8 63362.5
41056.6 12393.6
53685.1 9234.9
80568.9 88958.4
20224.6 53624.1
62923.1 24799.3
79186.4 48036.1
51347.4 21524.7
73986 48719.7
5475.02 62395.1
60954.6 98504.6
8948.03 73970.8
82738.7 6494.34
55000.5 68422.5
63753.2 53764.5
30723 19595.9
93374.4 3112.89
90554.5 76033.8
12402.7 41090.1
59651.5 63997.3
68523.2 30335.4
57805.1 83678.7
56263.9 412
84435.6 51692.3
7245.09 55262.9
55375.8 92986.8
46162.3 25336.5
32059.7 35279.4
78255.6 42628.3
33652.8 9170.81
23850.2 66655.5
72893.5 7052.83
65593.4 39542.8
6118.96 3906.37
23978.4 98364.2
38245.8 93170
26865.4 22772.9
73186.4 40733.1
88525 46183.7
50459.3 10266.4
63914.9 8496.35
58519.2 62929.2
93755.9 78579.1
65483.6 84621.7
6045.72 24579.6
57866.1 43916.1
89681.7 60252.7
27942.7 33771.8
5716.12 45332.2
381.481 146.489
52006.6 68184.5
38737.1 10681.5
46745.2 88775.3
22467.7 66502.9
46592.6 70134.6
35093.2 10358
65013.6 76415.3
54088 34156.3
6396.68 65669.7
83172.1 39011.8
81667.5 55497.9
17600 50999.5
20926.5 89660.3
83111.1 45674
48823.5 83782.5
39085.1 84508.8
38209.2 78313.5
86639 16361
7773.06 76802.9
72182.4 47138.9
79226.1 97683.6
27131 30704.7
59682 17630.5
34394.4 84237.2
64873.2 34681.2
62196.7 81093.8
48789.9 29154.3
55949.6 24387.3
55415.5 50602.7
28748.4 54304.6
58125.6 8825.95
41102.3 92355.1
2438.43 97134.3
10589.9 75664.5
17694.6 25940.7
41972.1 84432.5
13303 94866.8
18488.1 15668.2
25196.1 81395.9
44871.4 6350.9
28095.3 74315.6
82763.1 59135.7
79223 29953.9
69133.6 73683.9
9082.31 79439.7
58339.2 36841.9
24948.9 65022.7
78432.6 74697.1
42664.9 33655.8
42350.5 19666.1
12366.1 65904.7
4626.61 95782.3
53828.5 68349.3
4211.55 75228.1
66951.5 7568.59
84081.5 9323.4
33097.3 13885.9
28189.9 87026.6
72884.3 32917.3
6482.13 24097.4
75997.2 53144.9
68486.6 36079
68761.3 87551.5
76192.5 98156.7
34986.4 37513.4
16812.6 45075.8
55781.7 17029.3
86046.9 14224.7
83932 65422.5
82473.2 85000.2
18460.6 26648.8
3704.95 17584.8
95046.8 23343.6
84936.1 44282.4
57832.6 3692.74
70476.4 16480
28351.7 89318.5
58925.1 60441.9
37138 2212.59
12631.6 44987.3
33628.3 98968.5
71984 14215.5
40055.5 90279.9
65254.7 88415.2
64867.1 74004.3
54557.9 86217.8
41380 59755.2
8554.34 71205.8
7220.68 13257.2
42570.3 76049.1
90240.2 98562.6
16693.6 7300.03
16464.7 46189.8
32511.4 83977.8
5789.36 25443.3
19122.9 13061.9
70943.3 48893.7
49006.6 55049.3
85424.4 87237.2
74413.3 82638
36017.9 22629.5
24887.8 85738.7
25473.8 18625.4
56563 25861.4
41038.2 34827.7
93795.6 93090.6
54411.5 64415.4
53856 68654.4
68779.6 22611.2
95230 46357.6
78551.6 64299.4
80166 15884.9
57396.2 58809.2
92141.5 61146.9
40253.9 115.97
98791.5 76799.8
14883.9 80468.2
1010.16 56050.3
88641 5630.66
58790.9 52879.4
46031.1 79873
34434 71797.8
62770.5 38779.9
43803.2 88256.5
91860.7 58064.5
56175.4 52879.4
87377.5 16455.6
33375 82580
81594.3 40846
48771.6 91717.3
81035.8 11755.7
76799.8 66429.6
97103.8 57307.7
93597.2 35264.1
76897.5 13763.8
79424.4 39191.9
49861.1 80840.5
63438.8 54185.6
55873.3 49809.3
1498.46 69454
70400.1 32645.6
27591.8 74471.3
92352.1 70223.1
69505.9 57899.7
10251.2 47758.4
69417.4 71587.3
12378.3 95617.5
99960.3 62688.1
56419.6 3561.51
16431.2 27115.7
64391 26645.7
35767.7 87362.3
58314.8 10797.4
82885.2 47898.8
2392.65 16272.5
95043.8 31220.4
67217 67085.8
24829.9 47673
81682.8 4525.89
32425.9 2215.64
88229 72936.2
7712.03 91210.7
67024.8 15784.2
12930.7 92361.2
44721.8 10272.5
86443.7 961.333
53392.1 18515.6
98263.5 15579.7
55302.6 83446.8
97973.6 26203.2
99136.3 47572.3
45637.4 8142.34
23252.1 22733.2
66371.7 74663.5
71703.2 88930.9
19132.1 91537.2
38489.9 50383
20419.9 6668.29
5838.19 26972.3
13489.2 97845.4
92013.3 9106.72
23667.1 91796.6
74297.3 54246.7
90463 57658.6
2862.64 53102.2
17023.2 27991.6
71022.7 43733
27634.5 50450.1
57576.2 1571.7
73827.3 23236.8
6869.72 83608.5
79747.9 17481
62135.7 54738
67430.6 39664.9
17810.6 74517
52537.6 37180.7
6414.99 72353.3
51280.3 216.681
85625.8 89324.6
89056.1 63032.9
41154.2 14716
51490.8 57780.7
71108.1 95400.9
68492.7 23981.4
67381.8 46202
71919.9 26816.6
59770.5 39368.9
17520.7 87307.4
38392.3 1254.31
11749.6 77529.2
20053.7 94378.5
34104.4 84023.6
74196.6 12921.5
95574.8 92471.1
74025.7 69875.2
23850.2 96774.2
88464 3857.54
15949 85708.2
80568.9 83855.7
48808.3 10205.4
27979.4 39848
88515.9 84456.9
31107.5 97640.9
88821.1 23883.8
24607.1 45820.5
19522.7 73213.9
57808.2 13144.3
15344.7 27655.9
59727.8 84359.3
85964.5 408.948
54261.9 32633.4
77782.5 39564.2
41203 96725.4
28101.4 47541.7
8703.88 80990
2291.94 6219.67
92822 6366.16
54585.4 60820.3
49720.8 90481.3
3146.46 65715.5
56254.8 84945.2
60011.6 45298.6
4434.34 48030
6534.01 72985
5514.69 80828.3
54994.4 21521.7
69234.3 4974.52
86907.6 87719.4
73906.7 10135.2
8767.97 44676
92947.2 49333.2
15787.2 24744.4
93466 10232.9
4245.12 86211.7
72560.8 40571.3
23120.8 66927.1
46931.4 55757.3
5597.09 77987
61430.7 6869.72
71080.7 40540.8
32190.9 37116.6
38340.4 18921.5
89965.5 4889.07
40412.6 53175.5
39237.6 1538.13
81905.6 44126.7
98843.3 42033.1
29261.1 94125.2
39610 56550.8
74724.6 56550.8
84716.3 61214
64488.7 97271.6
88363.3 36017.9
31797.2 21106.6
58400.2 88125.2
25504.3 66481.5
38508.3 28644.7
74788.7 21338.5
15591.9 40995.5
80611.6 63499.9
67980 69005.4
74581.1 78536.3
20072 2862.64
35804.3 58327
19068 91048.9
6372.26 33387.2
99389.6 56343.3
96124.1 42121.6
50395.2 44111.5
17249.1 90121.2
53086.9 80883.2
39466.5 2591.02
1345.87 71449.9
6262.4 23136.1
73397 12537
2932.83 61879.3
69048.1 51231.4
16998.8 46168.4
78435.6 66228.2
81630.9 76946.3
97790.5 73.2444
42680.1 43891.7
57918 20514.5
40022 2481.15
81005.3 39048.4
43717.8 66093.9
31357.8 64857.9
35743.3 16275.5
75716.4 22193.1
77803.9 84301.3
18762.8 9381.39
55937.4 7123.02
29474.8 27536.9
42487.9 10913.4
23856.3 57145.9
66081.7 25202.2
19834 10608.2
30249.9 80864.9
29758.6 38905
71306.5 94976.7
6289.86 20459.6
96087.5 95742.7
7196.26 10382.4
90237.1 90572.8
94738.6 78170.1
37583.5 30439.2
35221.4 12021.2
41312.9 73680.8
14420 17868.6
87493.5 2291.94
34394.4 91268.7
41621.1 93948.2
7394.63 90258.5
18811.6 2725.3
12491.2 87325.7
18219.6 51854
30472.7 28605
62370.7 91390.7
22724.1 78423.4
31971.2 24124.9
69670.7 77294.2
36893.8 52787.9
34412.7 91576.9
13864.6 51603.7
67177.3 82802.8
91589.1 15445.4
16217.5 74871.1
13843.2 89639
60795.9 47242.7
61226.2 33527.6
31830.8 32200.1
62144.8 20996.7
35902 44370.9
33707.7 30988.5
48173.5 20560.3
43110.4 31229.6
89898.4 98104.8
30152.3 8209.48
56108.3 9787.29
81530.2 46586.5
9149.45 23526.7
97482.2 11139.3
3634.75 4849.39
41462.4 34379.1
58473.5 30417.8
13467.8 62941.4
41605.9 30591.8
37568.3 65898.6
83056.1 89263.6
4358.04 58122.5
81914.7 79012.4
58922.1 41789
22916.3 59764.4
74907.7 19187
68202.8 19025.2
5365.15 79943.2
39878.5 81869
50987.3 15762.8
59071.6 68733.8
36320.1 65889.5
56996.4 29261.1
34650.7 46263
23773.9 30176.7
32114.6 65691.1
10522.8 25412.8
71712.4 81994.1
50428.8 86614.6
67818.2 1330.61
14365.1 22067.9
31824.7 73833.4
66716.5 62285.2
99563.6 88607.4
37022 40269.2
1065.1 21338.5
73073.5 44669.9
63383.9 37507.2
91058.1 73879.2
87002.2 4412.98
88421.3 69261.8
86535.2 15121.9
35038.3 55586.4
36280.4 77431.6
8337.66 66829.4
11316.3 71019.6
87994 85430.5
64699.2 25876.6
75795.8 73180.3
31421.9 25147.3
56367.7 21805.5
99789.4 85503.7
64323.9 1431.32
40739.2 18207.3
73473.3 34992.5
35877.6 23944.8
73751 76775.4
94695.9 24567.4
51442 23160.5
1702.93 84890.3
38380.1 33738.2
84084.6 27634.5
45683.2 90887.2
40449.2 94689.8
47709.6 75954.5
21384.3 57750.2
31824.7 90173
2349.93 31522.6
79622.8 98422.2
39606.9 92587.1
95190.3 23960.1
49763.5 57029.9
46098.2 72277
3595.08 20029.3
32712.8 12146.4
74742.9 10443.4
51417.6 92062.1
33887.8 63579.2
67439.8 20105.6
29117.7 65245.5
62855.9 85476.2
43006.7 70229.2
75435.7 49690.2
67085.8 48292.5
93896.3 85659.4
84325.7 60860
25266.3 92758
259.407 21463.7
99923.7 65944.4
13361 43134.9
29947.8 47181.6
65285.2 25803.4
86440.6 37128.8
61635.2 86892.3
11386.5 95379.5
3875.85 88164.9
29752.5 7238.99
22974.3 62022.8
77352.2 45301.7
55439.9 90328.7
10193.2 3796.5
52360.6 38871.4
10901.2 33982.4
62105.2 668.355
57808.2 58586.4
77236.2 51133.8
72371.6 93520.9
86343 68297.4
10559.4 54908.9
21353.8 21225.6
13788.3 79616.7
41019.9 79674.7
85049 37363.8
41099.3 48191.8
5862.61 62584.3
31986.4 77767.3
59697.3 84112.1
74303.4 58098.1
77413.3 80867.9
13147.4 43699.5
70458.1 41630.3
1590.01 16898.1
67326.9 57045.2
54054.4 40876.5
19019.1 21982.5
20200.2 5862.61
89022.5 76363.4
19962.2 21634.6
93514.8 62593.5
30311 59431.7
7385.48 27732.2
64427.6 96380.5
1702.93 48500
33869.4 65627
28241.8 7263.41
34376 65221.1
16705.8 97134.3
45924.3 28937.7
292.978 84270.8
87682.7 12122
35181.7 5563.52
18448.4 95715.2
29587.7 29776.9
23249 61540.6
48039.2 60289.3
76674.7 42048.4
6448.56 7562.49
23590.8 97558.5
23642.7 9485.15
67903.7 24179.8
44953.8 27649.8
9891.05 45533.6
3515.73 97775.2
22858.4 91372.4
34870.4 62321.8
9613.33 16235.8
10535 63490.7
29505.3 61308.6
6118.96 24659
36555.1 12491.2
69652.4 98452.7
19367 57985.2
5719.17 9527.88
83422.3 98318.4
41065.7 70220
66365.6 12103.6
87246.3 97128.2
26929.5 30561.2
65965.8 6860.56
98144.5 23950.9
12781.2 18964.2
45365.8 53053.4
24698.6 44224.4
19895 88805.8
67372.7 86416.2
48664.8 53233.4
7489.24 35697.5
50703.5 84804.8
85979.8 81701.1
20999.8 81301.3
97653.1 24472.8
72347.2 23365
92931.9 11423.1
75847.7 31852.2
67265.8 78325.8
90646.1 62056.3
53871.3 22583.7
23569.4 88021.5
85406 86852.6
9274.58 79982.9
40223.4 81090.7
51506.1 28116.7
38831.8 21265.3
16119.9 15692.6
6140.32 12765.9
16522.7 94775.2
65196.7 56651.5
82070.4 67564.9
77950.4 6891.08
50120.5 26575.5
98745.7 56718.6
72362.4 56682
56114.4 82186.3
75994.1 52220.2
28519.5 21082.2
70424.5 52250.7
29679.3 15344.7
40113.5 47132.8
69066.4 95031.6
14172.8 59465.3
3241.07 32056.6
53315.8 52626.1
43629.3 41773.7
44865.3 69914.9
36375 60509
46357.6 57533.5
79866.9 77224
68419.4 74462.1
95611.4 47401.3
37519.5 42356.6
18036.4 67259.7
29239.8 38645.6
18872.6 36472.7
12665.2 85888.2
31717.9 87484.4
96548.4 40562.2
92440.6 9512.62
17828.9 34376
61006.5 45490.9
63209.9 71263.8
40397.4 89877
64296.4 33149.2
58211 65648.4
57063.5 97640.9
26581.6 8490.25
46165.3 20755.6
46064.6 36338.4
64754.2 87820.1
69054.2 32389.3
70452 85622.7
88433.5 19736.3
68053.2 99044.8
67024.8 55711.5
99642.9 85168
73497.7 24079.1
92684.7 28080.1
40333.3 53224.3
6781.21 27463.6
9485.15 38422.8
69664.6 24094.4
81383.7 96343.9
43064.7 15375.2
32847.1 29908.1
9121.98 64052.2
19602 31632.4
17886.9 53190.7
28977.3 3540.15
86626.8 90600.3
98406.9 21842.1
91448.7 15762.8
65410.3 24436.2
42011.8 12460.7
64622.9 49403.4
79809 80159.9
37522.5 2597.13
90722.4 67329.9
70479.4 82461
72484.5 19797.4
26743.4 40183.7
47618 47257.9
88030.6 3366.19
62526.3 61082.8
71251.6 41261
63322.9 86544.4
36118.7 99731.4
89077.4 2554.4
49168.4 84087.6
73030.8 12122
19837 17893
92474.1 96530
74285.1 55861.1
57857 56468.4
82476.3 78978.9
81811 93221.8
4248.18 49998.5
18649.9 32963
69957.6 57387
15024.3 47407.5
61272 25891.9
62328 73812.1
7824.95 21820.7
91476.2 87566.8
65321.8 31180.8
701.926 30411.7
90673.5 38795.1
57008.6 47492.9
79851.7 86513.9
61815.2 36259
84090.7 38657.8
21552.2 60472.4
69975.9 32813.5
13739.4 32331.3
39146.1 44102.3
89187.3 15900.1
73186.4 41050.4
955.229 54973
19312.1 61183.5
720.237 78429.5
82552.6 84493.5
93130.3 86303.3
39936.5 32834.9
88775.3 69603.6
42429.9 73488.6
46467.5 67085.8
20175.8 54881.4
45353.6 12012.1
56660.7 52720.7
77550.6 72139.7
47474.6 54554.9
1925.72 35923.3
9262.37 60979
49635.3 48210.1
54490.8 31516.5
22013 48414.6
97659.2 53419.6
71514 14377.3
8575.7 61366.6
6250.19 65031.9
78359.3 86336.9
8813.75 24939.7
13705.9 61656.5
9970.4 3918.58
25168.6 64424.6
7849.36 94793.5
24942.8 20410.8
73293.3 42457.4
99902.3 50544.8
31931.5 87340.9
75399 87145.6
63679.9 36414.7
35566.3 37986.4
10205.4 64870.1
15659 26368
31043.4 1574.76
32087.2 85247.4
98980.7 1452.68
65776.5 33619.2
75298.3 57893.6
64491.7 13269.4
55546.7 58330
79689.9 13959.2
26444.3 36115.6
3616.44 65245.5
24524.7 21799.4
22190 23007.9
37168.5 46943.6
49330.1 28846.1
36664.9 3616.44
58378.9 70442.8
87884.2 12659.1
76204.7 21015
20203.3 3875.85
55613.9 86028.6
4339.73 61265.9
91741.7 35212.3
24668.1 36405.5
97964.4 48115.5
87688.8 83135.5
7058.93 51194.8
57225.3 16654
13156.5 74681.8
57054.4 50148
20123.9 7269.51
31489 12088.4
12051.8 76818.1
4629.66 97329.6
11413.9 35081
28864.4 55082.9
40565.2 74764.2
63243.5 66991.2
52156.1 56843.8
72371.6 18298.9
44145 76421.4
86434.5 15372.2
25000.8 45136.9
12967.3 52589.5
44712.7 18356.9
41038.2 81789.6
57252.7 45161.3
28388.3 87383.6
30118.7 69341.1
12262.3 20255.1
66557.8 59495.8
34455.4 93578.9
56105.2 96337.8
21262.2 93646
19101.5 95373.4
8926.66 8920.56
60741 93035.7
55229.3 30317.1
329.6 74443.8
27814.6 25919.4
91387.7 70864
9942.93 43260
98141.4 5038.61
14203.3 42216.3
44151.1 12494.3
44886.6 11740.5
98583.9 16937.8
99603.3 73482.5
15830 87884.2
50792 25437.2
94070.3 58638.3
97747.7 28803.4
68379.8 32755.5
29740.3 91076.4
4074.22 57103.2
90948.2 48588.5
5844.29 89642
87725.5 1577.81
8340.71 40055.5
28904.1 4934.84
63835.6 11383.4
39735.1 67708.4
92581 20719
40046.4 64549.7
11465.8 27158.4
27341.5 12192.1
6668.29 45097.2
55351.4 14102.6
65816.2 70992.2
48762.5 26383.3
35374 1733.45
44676 48149.1
18869.6 72762.2
1449.63 89388.7
81530.2 93984.8
65581.2 19510.5
76995.1 11728.3
37162.4 49702.4
61751.2 74767.3
24665.1 52156.1
12860.5 32551
29548 69368.6
14645.8 43842.9
51399.3 16599
29929.5 23786.1
54219.2 30604
21503.3 7583.85
84435.6 67799.9
39378 58925.1
81328.8 4947.05
39506.2 1223.79
70445.9 45533.6
49565.1 99890.1
80654.3 84896.4
47434.9 73635.1
75457 37299.7
67989.1 63066.5
39176.6 78041.9
3857.54 34586.6
8667.26 3701.9
15726.2 47804.2
91149.6 63722.6
17853.3 64519.2
58784.8 66350.3
54402.3 27448.3
60676.9 12158.6
32203.1 86803.8
42841.9 58226.3
25620.3 2835.17
16812.6 66090.9
19083.2 2505.57
67537.5 36613.1
2948.09 18335.5
41111.5 84917.8
88299.2 87661.4
3057.95 58449
56337.2 40333.3
7718.13 51347.4
7950.07 53029
69408.2 18234.8
29099.4 98281.8
75954.5 40531.6
37665.9 66365.6
35233.6 48435.9
27350.7 88180.2
95373.4 51704.5
74288.2 37186.8
29157.4 82342
21961.1 38621.2
23368 2322.46
10080.3 64030.9
63600.6 79488.5
63017.7 39292.6
55229.3 84716.3
3436.38 44236.6
71117.3 13522.8
6762.9 31989.5
66725.7 85210.7
62077.7 46189.8
53215.1 22623.4
55073.7 64140.8
69188.5 65788.8
38749.4 44105.3
41688.3 22360.9
7376.32 4806.67
77083.7 8212.53
39442.1 15283.7
72450.9 81102.9
25141.1 23218.5
88097.8 20682.4
44084 99884
71846.7 57902.8
8801.54 29776.9
75698.1 6958.22
39732 23172.7
55497.9 2893.15
87231.1 79574
94241.2 98013.2
66304.5 80318.6
39628.3 20175.8
19672.2 38401.4
96520.9 46168.4
74752 83629.9
64879.3 93206.6
10220.6 11276.6
63863 81740.8
97787.4 72335
32651.8 72685.9
34751.4 33460.5
48695.3 32169.6
33063.8 84841.5
53926.2 26963.1
80388.8 23957
29636.5 3677.48
38908 93508.7
10596 54912
97442.5 1535.08
79067.4 25391.4
42494 1904.35
29297.8 61323.9
63881.3 63261.8
43195.9 55995.4
60564 4583.88
67723.6 94811.9
62273 25489.1
34666 52864.2
32621.2 9341.72
13464.8 48173.5
69240.4 27390.4
37611 3704.95
66646.3 21976.4
95345.9 21314.1
57411.4 96975.6
25232.7 20712.9
97286.9 93578.9
7226.78 46620.1
9878.84 79583.1
89895.3 97186.2
56563 30256.1
44364.8 76839.5
47151.1 28931.5
85689.9 26676.2
57078.8 65453
52205 35496.1
66603.6 60606.7
83517 84646.1
87725.5 94662.3
87743.8 29764.7
94427.3 68096
38660.8 72585.2
21860.4 72725.6
93331.7 25870.5
50093.1 1278.73
70876.2 24665.1
38053.5 73589.3
83016.4 86962.5
23297.8 7483.14
56962.8 76879.2
53242.6 12567.5
41361.7 73528.2
63420.5 34955.9
35831.8 98669.4
68477.4 31110.6
34785 6265.45
81466.1 98910.5
26108.6 87090.7
27091.3 44065.7
35377.1 91485.3
64531.4 10022.3
56184.6 23429.1
85433.5 49452.2
57231.4 8990.75
2752.77 65468.3
6808.68 92361.2
96038.7 714.133
5273.6 62486.6
28757.6 2414.01
66170.2 63573.1
3360.09 41508.2
36597.8 92440.6
69624.9 14050.7
97467 35926.4
51963.9 2932.83
34272.3 51496.9
11319.3 28098.4
18985.6 44080.9
7217.63 63338.1
93701 42368.8
75673.7 47831.7
96682.6 27634.5
88515.9 70546.6
21411.8 18213.4
9811.7 55586.4
49259.9 62782.7
14960.2 26657.9
46424.8 45533.6
88128.3 78777.4
65749.1 56428.7
63591.4 35294.7
44047.4 29563.3
26715.9 18421
35575.4 2856.53
40058.6 11362
72228.2 2154.61
10342.7 40144
91155.7 2850.43
61851.9 53331.1
20361.9 72188.5
31894.9 27695.5
62956.6 45341.3
53987.2 77996.2
70641.2 38432
44322 98977.6
47090.1 51548.8
57213 17728.2
71855.8 64964.8
25098.4 84536.3
85375.5 81621.8
48725.9 80272.8
25751.5 19037.4
53181.6 68602.6
57930.2 3769.04
75350.2 70973.8
85845.5 71495.7
98452.7 92602.3
88244.3 25925.5
99267.6 77571.9
68739.9 59630.1
23682.4 21149.3
60753.2 89867.9
56193.7 17456.6
77971.7 12607.2
98974.6 70601.5
50926.2 27851.2
26108.6 47434.9
40333.3 39335.3
28714.9 27.4667
67830.4 81786.6
16434.2 35993.5
54698.3 78859.8
91052 64775.5
9225.75 84835.4
57759.3 98068.2
53346.4 13257.2
89809.9 32438.1
29126.9 5581.84
12024.3 92309.3
75801.9 43028
18967.3 61409.3
17896.1 54667.8
93234 80843.5
55153.1 24979.4
39613 41868.3
94808.8 53914
662.252 51542.7
16885.9 72624.9
69380.8 99322.5
13132.1 67989.1
64552.8 2789.39
90206.6 19061.9
84423.4 60597.6
77727.6 98535.1
4315.32 90749.8
31870.5 42381.1
33838.9 82375.6
75084.7 40797.1
99246.2 39112.5
62523.3 53538.6
66655.5 42191.8
15933.7 2795.5
71706.3 11392.6
15500.4 46757.4
71263.8 91970.6
90328.7 86938.1
82851.6 45670.9
98193.3 12418
27372.1 74013.5
35184.8 34165.5
40809.4 51863.2
65837.6 12445.4
70467.2 99542.2
14401.7 30604
21411.8 71492.7
7873.78 18195.1
68758.2 89700
11413.9 76699.1
1364.18 99951.2
46760.5 10858.5
12637.7 79070.4
34284.5 18848.2
3982.67 71263.8
49302.7 44334.2
16632.6 81688.9
33268.2 43562.1
57371.7 5362.1
50477.6 70635.1
33854.2 19568.5
30900 34073.9
65129.6 17844.2
89773.2 27771.8
82955.4 13705.9
64574.1 89516.9
89574.9 92233
60005.5 90145.6
87572.9 37598.8
41615 6527.91
47416.6 14749.6
68657.5 81429.5
28302.9 33262.1
6860.56 23423
17984.6 71590.3
11691.6 49980.2
7132.18 89751.9
22742.4 26816.6
63921 8664.2
59895.6 6698.81
24402.6 84163.9
61858 20758.7
64375.7 53889.6
57701.3 25458.5
68260.8 85165
12045.7 58394.1
60728.8 1934.87
34504.2 5957.21
16605.1 18994.7
93981.7 36085.1
14771 61500.9
28510.4 99136.3
51561 98004.1
91229 50065.6
79430.5 65071.6
23056.7 95049.9
86397.9 11639.8
92843.4 15573.6
81954.4 41200
95434.4 73274.9
5017.24 79986
48439 48493.9
19623.4 49250.8
78215.9 15793.3
13892 69768.4
35758.5 9494.31
67964.7 76683.9
33091.2 82381.7
6509.6 72862.9
40772.7 10681.5
1425.21 98809.8
37192.9 48500
40342.4 47334.2
50233.5 84725.5
26603 1058.99
81926.9 5682.55
26288.6 20923.5
56770.5 16498.3
27942.7 63753.2
84289.1 24439.2
30631.4 57087.9
76464.1 37235.6
25931.6 9350.87
10702.8 79631.9
89492.5 83498.6
78920.9 81157.9
47804.2 12244
13358 38367.9
35776.8 83065.3
29847.1 4605.24
10757.8 70995.2
79015.5 10403.8
38639.5 47450.2
46150.1 67714.5
17639.7 43116.6
90343.9 61018.7
55427.7 93090.6
63481.6 78511.9
65160.1 42341.4
99762 86413.2
96136.4 39692.4
16336.6 99594.1
64589.4 98370.3
15741.4 51597.6
360.118 51277.2
30643.6 17230.8
74968.7 79155.9
1663.26 90786.5
26761.7 39671
28806.4 73055.2
48799.1 75658.4
87130.3 70287.2
54997.4 30533.8
47322 58150
90267.6 49113.4
91781.4 13885.9
192.267 91869.9
66826.4 69725.6
25922.4 40803.2
61650.4 90746.8
39881.6 25046.5
54692.2 30246.9
87908.6 44312.9
17972.4 65797.9
53474.5 18311.1
20099.5 69072.5
9625.54 40296.6
18518.6 12613.3
74196.6 62804
81624.8 66606.6
33988.5 93759
31424.9 88833.3
53544.7 31061.7
47294.5 60921
34080 13788.3
21518.6 74007.4
38248.8 18067
7190.16 16913.4
46375.9 75869
49147 70027.8
59718.6 44724.9
38511.3 57939.4
16455.6 6595.05
81508.8 64006.5
35993.5 23905.1
23154.4 59956.7
57191.7 30979.3
16467.8 53654.6
86199.5 88943.1
77797.8 8157.6
19449.4 82195.5
18906.2 35187.8
57503 84664.4
96472.1 16126
75307.5 73845.6
69533.4 53703.4
64565 20889.9
5642.87 7452.62
13748.6 34733.1
26215.4 16086.3
41486.9 88476.2
31794.2 59910.9
48863.2 6125.06
97814.9 66393
6280.71 37794.1
81496.6 12051.8
40556 1513.72
30500.2 23731.2
37797.2 19772.9
33979.3 32398.4
27747.4 28894.9
6595.05 82668.5
65199.7 89410.1
46232.5 51039.2
74083.7 75515
55897.7 76110.1
69905.7 71773.4
70564.9 53791.9
26117.7 55150
79491.6 698.874
45.7778 90536.2
84685.8 38837.9
84044.9 17865.5
86111 4696.8
97424.2 58977
34290.6 35877.6
84878.1 22290.7
40928.4 38386.2
36942.7 33509.3
88131.4 87740.7
98168.9 70372.6
26914.3 66948.5
78594.3 29679.3
5594.04 94555.5
34196 4641.87
18652.9 45857.1
31879.6 704.978
16785.2 20374.2
64687 67995.2
68666.6 58781.7
32792.1 78469.2
15103.6 62324.9
55995.4 25934.6
6241.04 17957.1
33240.8 77040.9
62321.8 82235.2
14835 51359.6
48774.7 27100.4
3024.38 58708.5
6149.48 781.274
46461.4 71816.2
25577.6 6772.06
44282.4 62471.4
10342.7 54149
25373.1 79262.7
14227.7 82290.1
18436.2 95065.2
97253.3 13132.1
78533.3 2346.87
89379.6 34101.4
85656.3 84484.4
2908.41 64815.2
81051.1 41160.3
84090.7 10696.7
56801 95989.9
44621.1 56679
64403.2 64503.9
63670.8 3979.61
57884.5 10617.4
1022.37 3265.48
37128.8 69667.7
11984.6 87163.9
7022.31 66216
4672.38 55320.9
18033.4 4678.49
30304.9 15161.6
3881.95 60942.4
47129.7 31403.5
81887.3 53074.7
48616 87490.5
31641.6 19278.5
96520.9 12067
17636.6 81173.1
49455.2 73638.1
71440.8 20563.4
27622.3 96472.1
99102.8 47828.6
4245.12 964.385
29331.3 89996
64455.1 21527.8
68181.4 76705.2
22113.7 5108.8
75737.8 52137.8
35337.4 43556
30558.2 91039.8
11218.6 42851
97399.8 46964.9
40479.8 82409.1
63899.7 10904.3
52589.5 67522.2
61833.6 8349.86
32056.6 28113.7
38557.1 12982.6
86443.7 66887.4
94280.8 5090.49
6787.32 10019.2
50776.7 52824.5
11017.2 63536.5
67165.1 44428.8
11011.1 28440.2
68398.1 49604.8
93902.4 77785.6
2041.69 38056.6
58265.9 48777.7
89056.1 33417.8
95852.5 53044.2
84063.2 30640.6
59373.8 58186.6
10889 55006.6
7135.23 43736.1
88900.4 90835.3
65001.4 84691.9
15741.4 58061.5
96362.2 65666.7
22229.7 64793.8
20758.7 78853.7
64857.9 13956.1
71779.5 8911.4
71678.8 92187.3
34769.7 57881.4
7095.55 19040.5
55140.8 13238.9
71260.7 84728.5
57738 12292.9
99627.7 54390.1
68013.6 5957.21
78350.2 67165.1
75545.5 75060.3
41132.8 8062.99
30604 2337.72
63127.5 80828.3
14313.2 53218.2
17526.8 59898.7
73101 68489.6
10519.7 49613.9
58000.4 22043.5
60133.7 28742.3
59486.7 46760.5
34681.2 8517.72
78447.8 81679.7
16406.8 82247.4
23877.7 43611
5920.59 94659.3
77996.2 76262.7
33127.8 9109.78
19342.6 80025.6
90170 762.963
44532.6 75585.2
52113.4 53859.1
79244.4 4391.61
921.659 91219.8
19092.4 19226.7
18408.8 14108.7
91048.9 67888.4
63710.4 80562.8
75920.9 23194.1
1001.01 323.496
82668.5 62385.9
93026.5 74507.9
15048.7 49064.6
26026.2 58098.1
21289.7 20822.8
81804.9 73455
67397.1 35624.3
22446.4 52897.7
24695.6 80117.2
3360.09 38514.4
12314.2 93005.2
80285 17346.7
85094.8 6534.01
25843.1 20020.1
7696.77 59331
21311.1 60991.2
5441.45 83596.3
39194.9 48533.6
32535.8 19864.5
82253.5 42548.9
48289.4 62453.1
94598.2 88378.6
42005.7 88634.9
10486.2 4690.69
97091.6 74794.8
56428.7 53636.3
35050.5 52580.3
72252.6 71300.4
30036.3 8227.79
66719.6 86681.7
34449.3 78197.6
73354.3 7238.99
6387.52 44175.5
22092.3 99188.2
79403.1 80675.7
92364.3 40617.1
65306.6 58253.7
63240.5 75631
30600.9 55537.6
26316.1 47547.8
37165.4 83175.1
76854.8 39335.3
87820.1 72786.6
48924.2 99426.3
67397.1 34131.9
10083.3 80962.6
19974.4 33527.6
81273.8 72689
52812.3 96697.9
97506.6 49531.5
7724.23 89141.5
75032.8 21073
90429.4 77199.6
552.385 5948.06
98535.1 22885.8
8142.34 10394.6
38795.1 15628.5
59483.6 39002.7
74248.5 94073.3
93041.8 15811.6
91836.3 61021.8
57826.5 43903.9
31183.8 44685.2
97341.8 81579
65150.9 9338.66
99343.9 63271
72704.2 68523.2
77062.3 43318
94875.9 3881.95
97476.1 90679.6
14282.7 42848
22299.9 12793.4
48979.2 98165.8
77288.1 36646.6
1104.77 22522.7
15463.7 25171.7
51124.6 81304.4
89947.2 57167.3
38129.8 96652.1
1953.18 48777.7
16959.1 65923
39643.5 44724.9
32664 7712.03
73378.7 57374.8
2981.66 38526.6
23072 81801.8
49464.4 33219.4
63246.6 64922
67839.6 72405.2
81371.5 56895.7
78283 29837.9
55186.6 22840.1
46168.4 3015.23
64571.1 43046.4
13974.4 40037.2
3628.65 79784.5
34928.4 65883.4
8563.49 38837.9
49058.5 61235.4
67033.9 3894.16
92223.9 96972.6
24539.9 71916.9
78798.8 77431.6
53563 67586.3
48619 95602.3
952.177 65013.6
18787.2 53349.4
79320.7 94784.4
30997.7 49815.4
17960.1 64455.1
35013.9 91082.5
39014.9 70711.4
98867.8 24280.5
74395 31180.8
86458.9 49226.4
89205.6 14151.4
93182.2 10690.6
27198.1 94253.4
80150.8 24521.6
43961.9 12210.5
97695.9 40626.2
43385.1 66881.3
38755.5 96011.2
83105 17578.7
12765.9 60979
64494.8 24933.6
80669.6 31641.6
72881.3 8301.03
41703.5 71813.1
83547.5 47950.7
12564.5 57451.1
99194.3 10046.7
89577.9 26776.9
34482.9 22663
34492 89175.1
13269.4 80861.8
74559.8 95989.9
94140.4 9009.06
57457.2 26398.5
89904.5 58449
51750.2 91418.2
96676.5 68648.3
33481.9 9204.38
98126.2 69930.1
49501 54783.8
60551.8 55970.9
98205.5 37302.8
84426.4 4098.64
18250.1 7950.07
27964.1 71626.9
25940.7 51677
68450 46214.2
91839.4 65807.1
16812.6 78533.3
97274.7 78719.4
51207 75228.1
61354.4 11661.1
85134.4 80385.8
79122.3 36878.6
35761.6 23581.7
61449 35136
8075.2 62685
17325.4 5798.52
60454.1 99469
69167.1 32557.1
67339.1 96243.2
41721.9 57957.7
44584.5 71572
15277.6 69835.5
53132.7 3204.44
83718.4 52800.1
46629.2 16373.2
8102.66 7870.72
78624.8 85561.7
6381.42 93401.9
34943.7 27878.7
69847.7 90435.5
6900.23 16162.6
47004.6 45582.4
70955.5 89916.7
85415.2 94564.7
90420.2 92242.2
72191.5 19559.3
4876.86 10867.6
63750.1 43449.2
22943.8 51414.5
45432.9 14096.5
83913.7 20975.4
11655 81826.2
4025.39 50218.2
7181.01 23130
72936.2 32065.8
20139.2 13864.6
15942.9 5105.75
67442.9 4913.48
87734.6 59849.8
63213 3567.61
13144.3 95974.6
10831 13663.1
40669 8661.15
9247.11 37650.7
24222.5 32169.6
14172.8 93691.8
98916.6 18744.5
44789 50932.3
66350.3 81020.5
76567.9 36054.6
55137.8 76009.4
10879.8 14243
72237.3 58833.6
61964.8 97692.8
10708.9 84292.1
51902.8 84789.6
29590.7 84417.2
54252.8 83062.2
71413.3 125.126
76900.5 19061.9
33066.8 95104.8
24836 88283.9
55629.1 30021.1
33402.5 48228.4
48716.7 25257.1
12701.8 7782.22
15067 90200.5
93755.9 16003.9
90942.1 47288.4
17017.1 3430.28
67943.4 28888.8
53947.6 79070.4
11944.9 75176.2
2179.02 36176.6
44688.3 11072.1
44950.7 69939.3
3701.9 30472.7
15424.1 60203.9
46171.5 65764.3
56526.4 22364
12384.4 70842.6
16885.9 79549.5
14371.2 95761
73574 59215.1
65340.1 81045
22177.8 67268.9
15601.1 49922.2
24939.7 42881.6
10525.8 26474.8
57475.5 47059.5
36210.2 57930.2
44770.7 88155.8
68474.4 69167.1
27085.2 37403.5
90777.3 27558.2
46317.9 37623.2
96740.6 46317.9
93539.2 58217.1
42817.5 4428.24
8267.46 99563.6
66850.8 11298
70149.8 99978.6
37995.5 94286.9
73598.4 48320
53776.7 37168.5
26114.7 55381.9
49809.3 47755.4
60860 87212.7
37855.2 82689.9
4074.22 13464.8
37812.4 7620.47
88049 73918.9
19275.5 20850.2
50196.8 16266.4
18305 18576.6
8905.3 8359.02
45005.6 29871.5
56755.3 77947.3
47544.8 99505.6
61757.3 83101.9
48262 46733
17209.4 66438.8
17441.3 78228.1
30839 96237.1
448.622 83178.2
93783.4 47593.6
63768.4 88787.5
20127 26773.9
75634 4223.76
97537.2 91814.9
86855.7 31196
39661.9 72545.5
27466.7 69212.9
80944.2 43189.8
84807.9 93731.5
4382.46 50572.2
78676.7 35273.3
42988.4 51158.2
99194.3 37650.7
45454.3 59975
22974.3 23383.3
46720.8 64616.8
73256.6 44514.3
34077 7354.96
39558.1 46861.2
49345.4 88592.2
22608.1 25907.2
17850.3 94686.7
20020.1 2386.55
44792 3350.93
18454.5 95733.5
69573 69707.3
7834.1 23514.5
18808.6 46082.9
83269.8 4956.21
48576.3 38810.4
50285.3 96700.9
16528.8 54988.3
99014.3 38892.8
74559.8 42439
62938.3 39799.2
22547.1 75957.5
27839 76952.4
13907.3 92965.5
6579.79 43095.2
53502 31699.6
45292.5 14917.4
78539.4 75093.8
76683.9 72814.1
63155 53389.1
86004.2 49705.5
37205.1 8737.45
5349.89 37128.8
59968.9 74785.6
1907.41 26636.6
39344.5 74431.6
75771.4 14697.7
37183.8 88903.5
32944.7 49198.9
51393.2 1196.33
49177.5 45655.7
15393.5 67125.5
90246.3 51304.7
5618.46 16950
4284.8 85140.5
97628.7 40873.4
51854 32071.9
61464.3 61388
89272.7 19309.1
36927.4 45713.7
70931.1 53080.8
79339 61369.7
86193.4 43855.1
16425.1 28031.3
96441.5 98141.4
6985.69 68825.3
87975.7 5017.24
41920.2 14142.3
6363.11 95547.3
78286.1 61131.6
87841.4 3100.68
46961.9 41956.8
53407.4 2865.69
24594.9 4007.08
81267.7 58497.9
10416 55104.2
23191 54188.7
98571.7 76909.7
80455.9 40180.7
86565.8 59584.3
4971.47 69893.5
10498.4 60908.8
41258 56752.2
47657.7 42893.8
74828.3 28913.2
77126.4 89098.8
2655.11 9927.67
39011.8 55693.2
91366.3 3515.73
82976.8 59474.5
38691.4 10574.7
46577.3 55909.9
3930.78 56544.7
54194.8 10327.5
22937.7 57219.2
77022.6 15418
73314.6 1199.38
44868.3 58134.7
5441.45 77053.1
50306.7 89150.7
4934.84 23310
35853.1 97949.2
2179.02 29468.7
4760.89 46748.3
94564.7 66078.7
46098.2 66292.3
97018.3 72057.3
14670.2 66710.4
86516.9 77361.4
56486.7 66539.5
56148 89132.4
20340.6 93020.4
44361.7 19434.2
46153.1 56819.4
55058.4 82744.8
70690 54295.5
34116.6 41254.9
41309.9 399.792
17981.5 26200.1
78316.6 45423.7
19962.2 13229.8
76589.3 78582.1
69841.6 80068.4
87084.6 71706.3
72435.7 24472.8
68852.8 66072.6
711.081 70708.3
52189.7 55501
89132.4 42585.5
3534.04 68904.7
42771.7 31269.3
32758.6 5349.89
27921.4 35905
33463.5 24802.4
59749.1 5224.77
96908.5 47642.4
52641.4 58284.2
90191.4 66097
48887.6 12375.3
39326.2 20731.2
91299.2 96350
7815.79 45085
55388 77364.4
11362 31592.8
6772.06 79271.8
59328 21945.9
99365.2 20700.7
63588.4 74956.5
80031.7 51026.9
5404.83 15121.9
15302 12271.5
891.14 14948
5810.72 5163.73
55778.7 14212.5
4004.03 87359.2
50041.2 29236.7
845.363 82070.4
43037.2 55357.5
97055 25141.1
39777.8 15659
24552.1 28736.2
8960.23 59135.7
33750.4 89739.7
93380.5 61381.9
12237.9 21024.2
3347.88 30951.9
50584.4 33695.5
33750.4 74523.1
20801.4 48429.8
95352 23929.6
83172.1 64027.8
988.8 78304.4
86950.3 61348.3
97293 64299.4
80715.4 70705.3
82482.4 67687
97872.9 80849.6
997.955 39289.5
32966.1 17697.7
55458.2 28513.4
74477.4 70922
26636.6 47517.3
9656.06 96475.1
42088.1 19153.4
67076.6 73259.7
84026.6 11877.8
12476 42014.8
77059.2 14630.6
63588.4 4522.84
46479.7 54945.5
39503.2 11343.7
87640 13281.7
10245.1 16098.5
37122.7 36841.9
62172.3 24527.7
86272.8 5871.76
44798.1 16364
27732.2 55656.6
14719.1 68202.8
75643.2 7269.51
42213.2 55461.3
50053.4 10303
96151.6 61580.2
66261.8 50557
72884.3 72557.8
19629.5 25946.8
84670.6 84972.7
6546.22 43681.1
73320.7 5609.3
72145.8 41859.2
64650.4 70802.9
25397.5 88601.3
29374.1 63634.1
12228.8 61839.7
66087.8 57115.4
87261.6 62920
71923 61467.3
74803.9 67085.8
16538 3607.29
59736.9 64027.8
85070.3 17032.4
98901.3 91589.1
5594.04 70131.5
93627.7 15744.5
26868.5 11117.9
13998.8 60029.9
61818.3 57710.5
15533.9 37461.5
62514.1 9622.49
38840.9 88168
42201 12060.9
32932.5 75774.4
10034.5 48326.1
92776.3 45722.8
34119.7 89608.4
51744.1 98629.7
98516.8 80169.1
19565.4 81780.4
69789.7 85989
6414.99 51963.9
38786 85003.2
23743.4 12665.2
53209 27082.1
2505.57 78850.7
6637.78 41859.2
19409.8 72356.3
99630.7 22522.7
71761.2 1126.13
38508.3 63725.7
91589.1 25342.6
87487.4 81710.3
39671 63557.8
39704.6 94796.6
70030.8 42048.4
22873.6 92327.6
5587.94 40437
5090.49 70244.5
15561.4 36707.7
16483 61357.5
35270.2 4776.15
52299.6 38493
18903.2 67748
73064.4 18598
65974.9 59910.9
67430.6 45967
11990.7 692.77
93368.3 82677.7
24033.3 33643.6
63258.8 84377.6
91824.1 33558.2
88613.5 89568.8
54936.4 34910.1
49931.3 466.933
56770.5 84716.3
7428.21 83611.6
65895.6 72890.4
18176.8 68294.3
55409.4 43314.9
75322.7 71016.6
80935.1 38663.9
35004.7 23984.5
47859.1 82158.9
46607.9 35889.8
8468.89 49348.4
51912 63002.4
79598.4 33085.1
68880.3 18750.6
21378.2 54741.1
25574.5 99917.6
67793.8 24878.7
59959.7 57536.5
49580.4 6451.61
51072.7 90670.5
143.437 83654.3
97347.9 91128.3
85122.2 89565.7
7568.59 17328.4
46183.7 95730.5
20178.8 25357.8
99740.6 16742.5
16528.8 35380.1
81130.4 33036.3
43678.1 61537.5
74959.6 84911.6
12418 83459
22199.2 41013.8
86104.9 87456.9
44654.7 94360.2
25910.2 55635.2
77449.9 88982.8
8206.43 30912.2
50138.9 30408.6
79577 36188.8
7086.4 83037.8
65187.5 75719.5
7730.34 7538.07
96102.8 96850.5
97323.5 41450.2
71144.7 40220.3
88848.5 76033.8
18985.6 56581.3
46668.9 32557.1
76027.7 18317.2
12567.5 91125.2
45744.2 3845.33
64790.8 75142.7
55092 82973.7
50718.7 44618.1
73610.6 81362.3
83825.2 1327.56
10849.3 52226.3
45457.3 59059.4
57741 33368.9
82207.7 81981.9
87530.1 17712.9
39335.3 44343.4
81917.8 15408.8
21008.9 14572.6
98016.3 35691.4
17893 16885.9
41749.3 66576.1
92758 73610.6
63319.8 80535.3
64723.7 81246.4
40379 44282.4
82757 23487
64519.2 60765.4
29056.7 74260.7
96688.7 21530.8
42936.5 93908.5
7211.52 97561.6
5844.29 71703.2
65984.1 46687.2
78161 17746.5
98483.2 65776.5
28330.3 57420.6
73229.2 65724.7
45066.7 31473.7
36335.3 97454.8
73128.5 54957.7
58720.7 7004
63390 38007.8
11664.2 47843.9
77794.7 21717
36304.8 28544
39787 32139
22699.7 23920.4
70922 5594.04
64085.8 27777.9
4177.98 88399.9
1956.24 75386.8
14709.9 64110.2
27607 13809.6
58562 11456.6
55702.4 48204
60039.1 46055.5
35584.6 42210.2
38340.4 49021.9
15887.9 598.163
14050.7 35642.6
28083.1 12247.1
86166 67210.9
4620.5 81588.2
20227.7 59129.6
97238.1 26676.2
38248.8 88461
11108.7 71974.9
50975.1 53975
20438.2 13989.7
23203.2 91906.5
81118.2 87890.3
12689.6 460.829
6060.98 13205.4
73357.3 76274.9
18912.3 46787.9
63344.2 15857.4
51640.4 21100.5
48594.6 85277.9
1730.4 95974.6
42564.2 11044.6
14587.8 1998.96
72682.9 95498.5
6717.12 3610.34
14206.4 9653
95403.9 60039.1
82085.6 66783.7
50392.2 12237.9
21436.2 29722
33353.7 73921.9
87313.5 55140.8
40586.6 54796
54310.7 27820.7
14706.9 94192.3
46733 88119.1
40910.1 33121.7
29844.1 5697.81
93408 2990.81
52909.9 2694.78
47700.4 58989.2
84603.4 79421.4
24292.7 36350.6
31421.9 45692.3
79476.3 57603.7
79763.2 11014.1
8798.49 68910.8
52205 36628.3
78884.2 33628.3
18714 2609.33
53154.1 61229.3
53358.6 93145.5
27161.5 99697.9
77117.2 53074.7
39091.2 69524.2
77495.7 18875.7
71089.8 67433.7
45484.8 77159.9
7040.62 17951
20557.3 53846.9
62431.7 958.281
84273.8 87133.4
51850.9 33356.7
93154.7 87359.2
9900.2 32920.3
91442.6 36930.4
30970.2 42555
94372.4 33390.3
43617.1 42988.4
82549.5 28788.1
85161.9 32087.2
98120.1 68471.3
92046.9 98889.1
83309.4 82390.8
71703.2 70491.7
51954.7 32093.3
71449.9 59913.9
34696.5 66499.8
10095.5 93066.2
88409.1 89587.1
87868.9 42930.4
10504.5 93108.9
40266.1 49128.7
48799.1 57509.1
51533.6 50907.9
47428.8 74074.5
93258.5 11795.4
19592.9 91549.4
3851.44 63927.1
87649.2 40253.9
74446.9 50245.7
81206.7 36903
56852.9 92690.8
33893.9 23163.5
59242.5 64464.2
69338.1 41181.7
45124.7 94546.3
17044.6 99102.8
1284.83 82537.3
48799.1 29780
90286 52000.5
76186.4 95788.4
53157.1 20398.6
99856.6 43791
77929 13742.5
51200.9 61519.2
99581.9 4110.84
17026.3 40369.9
47080.9 98141.4
87844.5 96801.7
3118.99 54609.8
20441.3 55650.5
92150.6 59270
55320.9 48484.8
62389 34992.5
79650.3 30118.7
77382.7 15430.2
76357.3 66417.4
82754 60261.8
49958.8 96514.8
63805 40159.3
69795.8 22574.5
59529.4 69615.8
21256.1 30210.3
48701.4 15741.4
5652.03 92706.1
73690 61186.6
79342 62114.3
17542 49238.6
72719.5 463.881
67.1407 89330.7
79751 54051.3
8447.52 50987.3
58613.8 24073
28064.8 24378.2
34092.2 36658.8
89144.6 75621.8
42378 65437.8
94842.4 74904.6
8859.52 9772.03
46406.4 25602
99557.5 81798.8
31031.2 72496.7
36784 5328.53
88027.6 17212.4
19754.6 79873
18936.7 19016.1
40632.3 12738.4
57246.6 9079.26
36747.3 72493.7
63240.5 96368.3
69563.9 66786.7
59730.8 93203.5
71028.8 97750.8
74199.7 38755.5
47932.4 98031.6
3012.18 48445.1
84905.5 628.681
63356.4 67473.4
36640.5 45667.9
48445.1 56575.2
50068.7 77156.9
51735 88134.4
6949.06 32960
75649.3 80761.1
27680.3 81032.7
90548.4 50468.5
26807.5 5087.44
59480.6 6595.05
60942.4 92779.3
94402.9 70571
59688.1 29569.4
59468.4 45625.2
80181.3 51374.9
86996.1 15668.2
75914.8 59132.7
21778 1330.61
20416.9 48402.4
59324.9 51396.2
76479.4 57121.5
93667.4 97683.6
51454.2 84682.8
40382.1 51551.9
29383.2 85375.5
50422.7 70128.5
20447.4 89416.2
80376.6 70366.5
18463.7 54612.9
34830.8 19116.8
6991.79 1828.06
46406.4 77266.8
4715.11 37348.6
9121.98 26120.8
90694.9 15308.1
30695.5 54139.8
119.022 43260
19425 32142.1
31238.7 84048
71269.9 55113.4
53978.1 57084.9
72722.6 78740.8
60997.3 92178.1
85174.1 28797.3
51731.9 39008.8
26297.8 11523.8
90075.4 85415.2
14172.8 3067.11
26300.9 87569.8
89700 46198.9
23905.1 65208.9
82964.6 32328.3
81908.6 65031.9
39182.7 97055
93331.7 45365.8
69847.7 7266.46
30396.4 85280.9
44663.8 68004.4
97161.8 71202.7
89971.6 27137.1
40080 64223.2
9186.07 6073.18
57277.1 1181.07
91009.2 34510.3
97042.8 32667
20859.4 17447.4
86196.5 51054.4
61366.6 12546.2
